可以，能看出来在努力的做好，很棒赞一个加油！
页面很棒，体验很流畅
太周全了，越来越棒
好，一如既往的好。
这种的软件找了好几个，还是这个好！！！
简洁实用我喜欢
经常用，大爱
不错的应用........
很好，有多种功能，而且界面好看不单调
还是蛮实用的~~
一款很有格调的app
71695340
10988744   10988744   10988744    10988744    10988744    10988744    10988744   10988744    10988744    10988744    10988744    10988744   10988744    10988744    10988744    10988744  10988744    10988744    10988744    10988744
10988744   10988744   10988744    10988744   10988744   10988744   10988744   10988744   10988744    10988744   10988744   10988744   10988744   10988744   10988744    10988744   10988744   10988744    10988744   10988744   10988744   10988744   10988744   10988744    10988744   10988744   10988744   10988744   10988744   10988744
95459078       95459078
不说别的就是好用80370091
特别好，非常喜欢。
64800369
40607282
71695340
68737466
