834973      834973   834973       834973    834973       834973           834973    834973     834973              834973     834973                  834973
10453943   10453943    10453943    10453943   10453943   10453943    10453943    10453943    10453943   10453943    10453943    10453943     10453943   10453943    10453943    10453943
10453943  10453943   10453943    10453943    10453943    10453943   10453943    10453943    10453943    10453943   10453943    10453943    10453943   10453943    10453943    10453943
10453943    10453943     10453943      10453943     10453943    10453943    10453943     10453943      10453943     10453943       10453943    10453943     10453943      10453943     10453943     10453943    10453943     10453943      10453943     10453943
安不了，内存大
10453943
2338558    2338558             2338558
10453943   10453943   10453943   10453943   10453943   10453943   10453943   10453943   10453943   10453943   10453943   10453943   10453943   10453943   10453943   10453943   10453943   10453943
10453943   10453943   10453943    10453943  10453943   10453943   10453943    10453943    10453943   10453943   10453943    10453943     10453943   10453943   10453943    10453943    10453943   10453943   10453943    10453943
4769715   4769715   4769715   4769715    4769715    4769715   4769715   4769715   4769715   4769715    4769715    4769715    4769715   4769715   4769715   4769715    4769715    4769715    4769715   4769715   4769715   4769715    4769715    4769715     4769715   4769715   4769715   4769715    4769715    4769715    4769715   4769715   4769715   4769715    4769715    4769715   4769715   4769715   4769715   4769715    4769715    4769715    4769715   4769715   4769715   4769715    4769715    4769715    4769715   4769715   4769715   4769715    4769715    4769715     4769715   4769715   4769715   4769715    4769715    4769715    4769715   4769715   4769715   4769715    4769715    4769715   4769715   4769715   4769715   4769715    4769715    4769715    4769715   4769715   4769715   4769715    4769715    4769715    4769715   4769715   4769715   4769715    4769715    4769715     4769715   4769715   4769715   4769715    4769715    4769715    4769715   4769715   4769715   4769715    4769715
4769715   4769715    4769715     4769715      4769715      4769715    4769715    4769715     4769715      4769715      4769715      4769715    4769715     4769715      4769715      4769715      4769715    4769715     4769715      4769715      4769715      4769715    4769715     4769715      4769715      4769715    4769715     4769715      4769715      4769715
4769715   4769715    4769715     4769715     4769715     4769715    4769715     4769715     4769715      4769715    4769715     4769715     4769715      4769715    4769715     4769715     4769715    4769715     4769715     4769715
4769715    4769715     4769715      4769715      4769715      4769715     4769715      4769715      4769715    4769715      4769715      4769715
4769715    4769715    4769715      4769715      4769715      4769715    4769715      4769715      4769715      4769715    4769715      4769715      4769715     4769715    4769715      4769715      4769715   4769715      4769715      4769715
4769715   4769715    4769715    4769715    4769715    4769715    4769715    4769715    4769715    4769715    4769715    4769715    4769715    4769715    4769715    4769715    4769715    4769715    4769715    4769715    4769715   4769715    4769715    4769715    4769715
4769715   4769715   4769715    4769715    4769715    4769715    4769715      4769715   4769715    4769715    4769715    4769715    4769715    4769715    4769715    4769715    4769715    4769715
4769715   4769715    4769715     4769715      4769715     4769715    4769715     4769715      4769715     4769715    4769715     4769715      4769715     4769715    4769715     4769715      4769715    4769715     4769715      4769715
4769715   4769715    4769715     4769715     4769715    4769715    4769715     4769715     4769715    4769715    4769715     4769715     4769715     4769715    4769715     4769715     4769715    4769715    4769715     4769715     4769715    4769715    4769715     4769715     4769715    4769715     4769715     4769715
4769715   4769715    4769715    4769715    4769715    4769715    4769715    4769715    4769715    4769715    4769715    4769715    4769715    4769715    4769715    4769715    4769715    4769715    4769715    4769715
4769715    4769715    4769715    4769715    4769715    4769715     4769715     4769715    4769715    4769715    4769715    4769715     4769715     4769715    4769715    4769715    4769715    4769715     4769715     4769715    4769715    4769715    4769715    4769715     4769715    4769715    4769715    4769715    4769715     4769715
4769715    4769715    4769715    4769715    4769715    4769715    4769715    4769715    4769715    4769715    4769715    4769715    4769715    4769715    4769715    4769715     4769715    4769715    4769715    4769715    4769715    4769715    4769715    4769715    4769715    4769715    4769715    4769715    4769715    4769715    4769715   4769715    4769715    4769715    4769715
4769715   4769715       4769715   4769715    4769715    4769715    4769715    4769715    4769715       4769715    4769715   4769715    4769715    4769715    4769715    4769715    4769715       4769715    4769715   4769715    4769715    4769715    4769715    4769715    4769715       4769715   4769715    4769715    4769715    4769715    4769715    4769715       4769715       4769715   4769715    4769715    4769715    4769715    4769715    4769715       4769715    4769715   4769715    4769715    4769715    4769715    4769715    4769715       4769715    4769715   4769715    4769715    4769715    4769715    4769715    4769715       4769715   4769715    4769715    4769715    4769715    4769715    4769715       4769715
4769715    4769715   4769715   4769715   4769715   4769715   4769715    4769715   4769715   4769715   4769715   4769715   4769715   4769715   4769715   4769715   4769715   4769715   4769715   4769715   4769715   4769715   4769715   4769715   4769715  4769715   4769715   4769715   4769715   4769715
4769715    4769715   4769715    4769715      4769715    4769715    4769715   4769715    4769715      4769715    4769715  4769715    4769715      4769715    4769715
4769715    4769715     4769715   4769715   4769715   4769715    4769715    4769715   4769715   4769715    4769715     4769715   4769715   4769715   4769715    4769715    4769715   4769715   4769715   4769715    4769715    4769715   4769715   4769715   4769715    4769715    4769715   4769715   4769715   4769715    4769715  4769715   4769715   4769715    4769715
4769715   4769715   4769715   4769715    4769715    4769715    4769715   4769715   4769715    4769715    4769715    4769715   4769715   4769715    4769715    4769715   4769715   4769715   4769715    4769715    4769715   4769715   4769715    4769715    4769715
4769715   4769715   4769715   4769715  4769715   4769715   4769715   4769715  4769715   4769715   4769715   4769715 4769715   4769715   4769715   4769715
4769715   4769715   4769715   4769715   4769715   4769715   4769715   4769715   4769715   4769715   4769715    4769715   4769715   4769715   4769715   4769715    4769715   4769715   4769715   4769715   4769715    4769715   4769715   4769715   4769715   4769715   4769715   4769715   4769715   4769715   4769715  4769715   4769715   4769715   4769715
4769715   4769715   4769715  4769715   4769715   4769715    4769715   4769715    4769715  4769715   4769715   4769715    4769715   4769715   4769715  4769715   4769715   4769715    4769715   4769715   4769715  4769715   4769715   4769715    4769715   4769715 4769715   4769715   4769715    4769715   4769715   4769715   4769715  4769715   4769715   4769715    4769715   4769715    4769715  4769715   4769715   4769715    4769715   4769715   4769715  4769715   4769715   4769715    4769715   4769715   4769715  4769715   4769715   4769715    4769715   4769715 4769715   4769715   4769715    4769715   4769715  4769715  4769715   4769715   4769715    4769715   4769715    4769715  4769715   4769715   4769715    4769715   4769715   4769715  4769715   4769715   4769715    4769715   4769715   4769715  4769715   4769715   4769715    4769715   4769715 4769715   4769715   4769715    4769715   4769715
4769715   4769715   4769715   4769715   4769715    4769715   4769715   4769715   4769715    4769715   4769715   4769715   4769715    4769715   4769715   4769715   4769715    4769715   4769715   4769715   4769715    4769715   4769715   4769715   4769715  4769715   4769715   4769715
4769715   4769715  4769715   4769715   4769715   4769715   4769715   4769715  4769715   4769715   4769715   4769715   4769715   4769715  4769715   4769715   4769715   4769715   4769715   4769715  4769715   4769715   4769715   4769715   4769715   4769715  4769715   4769715   4769715   4769715   4769715 4769715   4769715   4769715   4769715   4769715
4769715   4769715   4769715   4769715   4769715   4769715   4769715   4769715   4769715   4769715   4769715   4769715   4769715   4769715   4769715   4769715   4769715   4769715   4769715   4769715   4769715   4769715   4769715   4769715   4769715  4769715   4769715   4769715
4769715    4769715    4769715    4769715    4769715    4769715    4769715    4769715    4769715    4769715    4769715    4769715    4769715    4769715    4769715    4769715    4769715    4769715       4769715    4769715    4769715   4769715    4769715    4769715    4769715    4769715    4769715    4769715    4769715    4769715    4769715    4769715    4769715    4769715    4769715    4769715    4769715    4769715       4769715    4769715    4769715    4769715    4769715    4769715    4769715    4769715    4769715    4769715    4769715    4769715    4769715    4769715    4769715    4769715    4769715    4769715    4769715       4769715    4769715    4769715
好好好！
不错
huisuoping 791271225
834973     834973     834973     834973     834973
834973
834973
834973    834973     834973       834973    834973      834973   834973    834973     834973       834973    834973      834973    834973    834973     834973       834973    834973      834973   834973    834973     834973       834973    834973      834973   834973    834973     834973       834973    834973      834973    834973    834973     834973       834973    834973      834973    834973    834973     834973       834973    834973      834973    834973    834973     834973       834973    834973      834973
1655553   1655553   1655553
2187 963             2187 963
5051125
还是极锁屏的好用
2187 749         2187 749
1880190     1880190     1880190      1880190     1880190     1880190      1880190     1880190     1880190      1880190     1880190     1880190      1880190     1880190     1880190      1880190     1880190     1880190     1880190     1880190     1880190
2338558      2338558       2338558
1732800  1732800  1732800  1732800  1732800  1732800  1732800  1732800  1732800  1732800  1732800  1732800
5545426
4769715   4769715   4769715   4769715   4769715   4769715   4769715    4769715   4769715   4769715   4769715   4769715   4769715   4769715    4769715      4769715   4769715   4769715   4769715   4769715   4769715   4769715    4769715      4769715   4769715   4769715   4769715   4769715   4769715   4769715    4769715      4769715   4769715   4769715   4769715   4769715   4769715   4769715    4769715      4769715   4769715   4769715   4769715   4769715   4769715   4769715    4769715      4769715   4769715   4769715   4769715   4769715   4769715   4769715    4769715      4769715   4769715   4769715   4769715   4769715   4769715   4769715    4769715      4769715   4769715   4769715   4769715   4769715   4769715   4769715    4769715          4769715
非要下载，白分享这么长时间了！整了这么长时间，还占我内存，早说非要下载啊……………没爱了
下后跳出很多东西硬要我下，取消后过一断时间又跳了出来!!!!!
4769715   4769715   4769715   4769715   4769715   4769715    4769715    4769715   4769715    4769715    4769715    4769715    4769715    4769715
4769715   4769715   4769715  4769715  4769715   4769715  4769715   4769715     4769715   4769715    4769715
不错
4769715  4769715  4769715  4769715  4769715  4769715  4769715  4769715  4769715  4769715  4769715  4769715  4769715                                                                                                                                            ？
681035          681035         681 035          681 035
834973
681035
不错。就是耗电稍微高点。
有鹿鹿耶!
3317104
681035
6.8.1.0.3.5          6.8.1.0.3.5           6.8.1.0.3.5           6.8.1.0.3.5
TF好帅。。。花痴。点赞
还可以
不好
1548110
1841797
根本打不开，只有第一次能打开。不好，千万别下载
很好用呀
不错啊，很好。
不错
1041727。。。。。。。。。。。。。。。。。。。。。。。。。。。。。。。。。。。。。。。。。。。。。。。。。。。。。。。。。。。。。
555423456
Guhghhhh66777
1063753
感觉还蛮不错。
很好
829689
847256
用TF 好用
fy
好用的
好
狱
非常好才怪，是超极无敌好⊙▽⊙
很好用啊
在出现锁屏界面的时候，能不能做到双击界面然后熄屏的那种？
下载太慢
很好用
。。。。。。。。
哇有tfboys
锁屏很好看，也很流畅，赞赞赞赞赞！喜欢！
有很多可爱的屏锁图片，我很喜欢
不是说可以自己制作锁屏的吗？怎弄？？
看见掏粪男孩就没兴趣了
看见掏粪女孩我就软了
看到掏粪女孩瞬间没有下载的念头
还不错
看见掏粪女孩就没有下的念头了
还是别下了  真心不好
掏粪男孩
看到掏粪男孩就不想下了
太好了，就是主题少。
有意思
嘿嘿
垃
点个赞哟~~\(≧▽≦)/~啦啦啦
不咋滴
还可以
主题好少
烂东西
没意思
很好用
嗯嗯，很好用值得提倡
好
挺好的
很棒波
呵呵删
还可以
还行吧！
好用
还不错
就是浏览器总是关不掉
挺好的
很好很好
fun的浏览器图标总是关不掉
我觉得很好啊，说不好用的，是自己手机不行吧
很好，很喜欢
感觉不错
主题好好
B
挺好的。
咋打不开
真复杂  乱七八糟的东西
喜欢你，，，，，
这些锁都太简单了很简单就能给破开啊，不过就是有一点好玩啊。
我喜欢
无论是功能还是资源我都很喜欢，但是新版没用的东西太多，居然有广告，叫什么搞你妹老是在通知栏，而且新版经常性出现应用程序终止，被迫卸载，期待改进。建议软件制作人对自己的软件进行亲测！
不错不错
怎样卸载？
一*八
旧版的好用，新版的害我手机老黑屏，还以为手机怎么了呢。结果卸了解锁软件好了、
请勿下
水
巨坑!!!打开就死机!!!让窝强行开机了两次!!!看到就闹心!!!
喜欢，希望更新多些免费的解锁图片    (*^__^*)
