1596717
327513   327513       327513          327513    327513     327513          327513    327513                       327513
548914     548914
206465
1488904   1488904     1488904      1488904        1488904     1488904    1488904     1488904      1488904        1488904     1488904     1488904      1488904        1488904     1488904
1488904   1488904    1488904    1488904   1488904   1488904    1488904    1488904    1488904   1488904    1488904    1488904    1488904   1488904    1488904    1488904    1488904   1488904    1488904    1488904
1464214
1464214
1563705.1563705.1563705
1488904   1488904   1488904   1488904   1488904   1488904    1488904   1488904   1488904    1488904   1488904   1488904   1488904   1488904   1488904    1488904   1488904   1488904   1488904   1488904   1488904    1488904   1488904   1488904    1488904   1488904   1488904   1488904   1488904   1488904
1219358
1488904    1488904     1488904       1488904   1488904    1488904     1488904       1488904     1488904    1488904     1488904       1488904       1488904    1488904     1488904       1488904        1488904    1488904     1488904       1488904
1488904   1488904     1488904       1488904        1488904     1488904       1488904            1488904     1488904       1488904     1488904       1488904
1488904    1488904       1488904     1488904      1488904        1488904
1488904    1488904     1488904     1488904      1488904     1488904     1488904     1488904      1488904       1488904     1488904     1488904      1488904    1488904     1488904      1488904
1497207  1497207  1497207  1497207
853895   853895    853895    853895    853895    853895    853895    853895    853895    853895    853895   853895    853895    853895    853895
853895   853895   853895    853895    853895    853895   853895    853895    853895    853895   853895    853895    853895    853895   853895    853895    853895   853895   853895    853895    853895    853895   853895    853895    853895    853895   853895    853895    853895    853895   853895    853895    853895  853895    853895    853895    853895   853895    853895    853895    853895   853895    853895    853895    853895   853895    853895    853895
853895    853895   853895    853895    853895   853895    853895    853895   853895    853895    853895   853895    853895    853895   853895    853895  853895    853895
我还没试刚开始下载希望好用
853895   853895   853895    853895    853895    853895     853895   853895    853895    853895    853895     853895   853895    853895    853895    853895   853895    853895    853895    853895
853895   853895    853895     853895     853895     853895      853895    853895     853895     853895     853895     853895    853895     853895     853895     853895   853895     853895     853895     853895
853895    853895    853895     853895     853895     853895      853895     853895    853895     853895     853895     853895      853895      853895    853895     853895     853895     853895      853895   853895     853895     853895     853895      853895
853895   853895    853895    853895    853895   853895      853895    853895    853895    853895    853895   853895      853895    853895    853895    853895    853895   853895      853895    853895    853895    853895    853895   853895      853895    853895    853895    853895    853895   853895      853895   853895    853895    853895    853895   853895      853895 853895    853895    853895   853895      853895
853895    853895     853895   853895    853895      853895    853895 853895   853895    853895     853895   853895    853895      853895    853895    853895 853895   853895    853895     853895   853895    853895      853895    853895     853895 853895   853895    853895     853895   853895    853895      853895    853895
853895   853895   853895   853895   853895   853895   853895   853895   853895   853895   853895   853895   853895   853895   853895   853895   853895   853895   853895   853895   853895      853895   853895   853895   853895   853895   853895   853895   853895   853895
853895   853895   853895   853895   853895    853895    853895   853895   853895   853895    853895   853895   853895   853895   853895    853895    853895   853895   853895   853895    853895  853895   853895   853895   853895    853895  853895   853895   853895    853895
853895   853895   853895   853895   853895    853895    853895   853895   853895   853895    853895    853895   853895   853895   853895    853895    853895   853895   853895   853895    853895  853895   853895   853895    853895
853895    853895    853895    853895    853895    853895     853895
853895   853895  853895   853895   853895   853895   853895   853895   853895   853895   853895   853895   853895   853895  853895   853895   853895  853895  853895   853895   853895   853895   853895   853895   853895   853895   853895   853895   853895   853895  853895   853895   853895 853895   853895   853895   853895   853895   853895   853895   853895   853895   853895   853895   853895  853895   853895   853895
853895   853895   853895   853895   853895   853895   853895   853895   853895   853895   853895    853895   853895   853895   853895   853895  853895   853895   853895   853895
1491530
853895  853895   853895   853895   853895   853895   853895     853895   853895   853895   853895   853895   853895     853895   853895   853895   853895   853895   853895     853895   853895   853895   853895   853895
853895   853895  853895     853895     853895    853895  853895     853895     853895    853895  853895     853895     853895    853895  853895     853895     853895 853895     853895     853895
853895   853895   853895   853895   853895   853895   853895   853895    853895   853895   853895   853895   853895   853895  853895   853895   853895   853895   853895   853895   853895   853895   853895   853895   853895      853895   853895   853895   853895   853895   853895   853895    853895   853895   853895   853895   853895   853895  853895   853895   853895   853895   853895   853895   853895   853895  853895   853895   853895   853895   853895
853895  853895  853895   853895   853895   853895   853895   853895  853895   853895   853895   853895   853895   853895  853895   853895   853895   853895   853895   853895  853895   853895   853895   853895   853895   853895  853895   853895   853895   853895   853895   853895  853895   853895   853895   853895   853895   853895  853895   853895   853895   853895   853895   853895  853895   853895   853895   853895   853895      853895  853895   853895   853895   853895   853895   853895  853895   853895   853895   853895   853895  853895   853895   853895   853895   853895
853895  853895   853895  853895   853895   853895    853895  853895   853895   853895   853895  853895   853895   853895  853895   853895   853895   853895   853895  853895   853895   853895    853895  853895   853895   853895   853895  853895   853895   853895  853895   853895   853895    853895   853895  853895   853895   853895    853895  853895   853895   853895   853895  853895   853895   853895  853895   853895   853895   853895  853895   853895   853895    853895  853895   853895   853895   853895  853895   853895   853895  853895   853895   853895
853895   853895   853895   853895   853895   853895   853895   853895   853895   853895   853895     853895   853895   853895   853895    853895   853895   853895   853895   853895   853895   853895   853895   853895   853895   853895     853895   853895   853895   853895
853895   853895   853895   853895   853895   853895    853895   853895   853895   853895   853895    853895   853895   853895   853895   853895   853895   853895   853895   853895   853895   853895   853895   853895   853895
853895    853895    853895   853895   853895   853895    853895   853895   853895   853895   853895   853895   853895   853895   853895   853895   853895   853895    853895   853895   853895   853895  853895   853895      853895      853895    853895   853895   853895   853895    853895   853895   853895   853895   853895   853895   853895   853895   853895   853895   853895   853895    853895   853895   853895   853895  853895   853895   853895    853895   853895   853895   853895    853895   853895   853895   853895   853895   853895   853895   853895   853895   853895   853895   853895    853895   853895   853895   853895  853895   853895   853895
1488904   1488904    1488904    1488904    1488904    1488904    1488904    1488904    1488904    1488904    1488904    1488904    1488904    1488904    1488904    1488904
206465
69530
现在不好用了
327513   327513   327513   327513
1137067
1080769  1080769  1080769  1080769  1080769  1080769  1080769  1080769
1414821       1379416
1290823
1137937     1137937
976256    976256    976256    976256    976256    976256    976256    976256    976256    976256    976256    976256    976256    976256    976256    976256    976256    976256    976256    976256    976256    976256    976256    976256    976256    976256    976256    976256    976256    976256    976256    976256    976256    976256    976256    976256    976256    976256    976256    976256    976256    976256    976256    976256    976256    976256    976256    976256    976256    976256    976256    976256    976256    976256    976256    976256    976256    976256    976256    976256    976256    976256    976256    976256    976256    976256    976256    976256    976256    976256    976256    976256    976256    976256    976256    976256    976256    976256    976256    976256    976256    976256    976256    976256    976256    976256    976256    976256    976256    976256    976256    976256    976256    976256    976256    976256
1239012
1336927
1333051 1333051
什么东西
1302508  不错
1253982
1319667
。。
挺好
327513    327513       327513 327513    327513       327513   327513    327513       327513 327513    327513       327513 327513    327513       327513 327513    327513       327513   327513    327513       327513   327513    327513       327513   327513    327513       327513  327513    327513       327513  327513    327513       327513   327513    327513       327513    327513    327513       327513    327513    327513       327513    327513    327513       327513    327513    327513       327513    327513    327513       327513    327513    327513       327513    327513    327513       327513
853895    853895     853895     853895       853895        853895
1134319
489848        489848
206465
548914     548914
581，008
1189928
1180077    1180077     1180077    1180077    1180077     1180077    1180077     1180077    1180077    1180077     1180077    1180077     1180077    1180077    1180077     1180077
1179384
1029254     1029254
1138300      113, 8300      113--8300
1172387
41271      41271      41271
853895   853895                                                                                                                                                                      853895    853895
1113567 1113567 1113567 1113567 1113567    1113567    1113567    1113567 1113567
1104896      1104896         1104896
976256   976256   976256   976256   976256   976256   976256   976256   976256   976256   976256   976256   976256   976256   976256   976256   976256   976256   976256   976256   976256   976256   976256   976256   976256   976256   976256   976256   976256   976256   976256   976256   976256   976256   976256   976256   976256   976256   976256   976256   976256   976256   976256   976256   976256   976256   976256   976256   976256   976256 976256   976256   976256   976256   976256   976256   976256   976256   976256   976256   976256   976256   976256   976256   976256   976256   976256   976256   976256   976256   976256   976256   976256   976256   976256   976256   976256   976256   976256   976256   976256   976256   976256   976256   976256   976256   976256   976256   976256   976256   976256   976256   976256   976256   976256   976256   976256   976256   976256   976256   976256   976256   976256   976256   976256   976256   976256   976256   976256   976256
853895  853895    853895    853895    853895   853895    853895    853895    853895       853895
869588                              869588                           869588                 869588                    869588
516318          516318          516318         516318
853895    853895    853895    853895    853895    853895    853895    853895    853895     853895     853895     853895      853895     853895      853895    853895    853895    853895    853895    853895     853895     853895     853895      853895     853895      853895    853895    853895    853895    853895    853895     853895     853895     853895      853895     853895      853895    853895    853895    853895    853895    853895     853895     853895     853895      853895     853895      853895    853895    853895    853895    853895    853895     853895     853895     853895      853895     853895      853895    853895    853895    853895    853895    853895     853895     853895     853895      853895     853895      853895        853895     853895     853895     853895      853895     853895      853895
853895   853895   853895   853895   853895    853895    853895   853895    853895    853895                                                853895   853895   853895   853895    853895    853895    853895    853895     853895      853895                                                        853895  853895    853895     853895       853895             853895             853895        853895         853895 853895  853895   853895                      853895 853895 853895 853895 853895 853895 853895                                 853895            853895
853895  853895   853895   853895    853895    853895     853895    853895    853895     853895     853895
853895   853895   853895   853895   853895   853895   853895    853895   853895    853895    853895    853895      853895   853895    853895    853895    853895    853895    853895    853895
1058827       1058827         1058827
1042940                1042940           1042940
1004920
853895  853895  853895  853895  853895  853895  853895  853895  853895  853895  853895  853895  853895  853895  853895  853895   853895   853895    853895   853895         853895           853895
853895   853895   853895  853895  853895
853895  853895  853895   853895  853895  853895  853895  853895  853895  853895  853895
323821   323821   323821   323821   323821   323821   323821
188516           188516      188516           188516      188516           188516      188516           188516
990089        990089       990089           990089           990089
32 7513
506048 506048
506048 506048 506048
516318        516318       516318       516318       516318
797318  797318  797318
630670           630670                  630670                      630670                    630670                 630670                  630670                     630670                  630670                 630670
516318
5.1.6.3.1.8         5.1.6.3.1.8          5.1.6.3.1.8
319 651   觉得很不错啊！
615969
518260
二二八 六九八
怎么找不到密码
:-$
