7463
217526
223406    223406    223406    223406    223406    223406     223406    223406    223406    223406    223406    223406    223406    223406    223406     223406    223406    223406    223406    223406    223406    223406    223406    223406     223406    223406    223406
223406   223406   223406   223406   223406   223406    223406   223406   223406    223406   223406   223406  223406   223406   223406   223406   223406   223406    223406   223406   223406    223406   223406   223406
215737      215737
7463
173395
好
不错，还可以
太赞了
72351  72351  72351  72351  72351  72351  72351
，，，，
好
好给力的软件     不错不错了
5941698831
