14292                   14292            14292           14292   14292      14292       14292       14292        14292      14292
邀請碼57059             57059                  57059
4570332          4570332
4570332
4570332         4570332
4706994,4706994,4706994,4706994
4570332                      4570332
6433961
4917161        4917161       4917161
57094
6419511
4570332           4570332
6721342    6721342    6721342
6617374          6617374
5148593
6499005
57044
6006141
6011000
4674112       4674112       4674112
六
14292            14292
5944863                                  5944863     5944863    5944863      5944863       5944863      5944863
6513924
真的好用
6500730       6500730          6500730        6500730
不错
4922352
6390781
6144752 6144752 6144752   6144752         6144752      6144752         6144752           6144752           6144752         6144752      6144752        6144752        6144752        6144752      6144752
4552704   4552704   4552704    4552704   4552704   4552704   4552704   4552704   4552704     4552704    4552704   4552704   4552704    4552704   4552704
6058642
6282222
4552704   4552704    4552704    4552704    4552704    4552704   4552704   4552704   4552704    4552704    4552704    4552704    4552704   4552704    4552704   4552704    4552704    4552704    4552704    4552704   4552704    4552704   4552704    4552704    4552704    4552704    4552704  4552704   4552704    4552704    4552704    4552704    4552704   4552704    4552704
6265037     6265037   6265037   6265037
5072756 5072756 5072756 5072756  5072756 5072756 很好很棒5072756
57044
6234093
4552704   4552704     4552704     4552704    4552704      4552704     4552704     4552704    4552704        4552704     4552704     4552704    4552704       4552704     4552704     4552704    4552704     4552704     4552704    4552704
57044             57044              57044
6008100
6134181
6111777
6073014    6073014
4950014 4950014 4950014 4950014
5489146很好用
14292        14292                   14292
4984674   4984674  4984674
4559358
5564849      5564849
挺好的 5771566
5942754
[5801829]
5765894       5765894    5765894   5765894
5754207              5754207               5754207            5754207             5754207               5754207              5754207              5754207              5754207
5558628   5558628    5558628
14292          14292                14292                               14292
14292        14292        14292             14292                14292
5730028    5730028   5730028
5546550  5546550  5546550  5546550  5546550   5546550  5546550
5727680   5727680   5727680   5727680   5727680   5727680   5727680   5727680   5727680   5727680
5148593
5552100                         5552100                                       5552100                      5552100 5552100                    5552100       5552100 5552100         5552100               5552100 5552100        5552100     5552100 5552100          5552100 5552100        5552100        5552100   5552100
4552704   4552704     4552704     4552704    4552704   4552704     4552704     4552704      4552704   4552704     4552704     4552704      4552704   4552704     4552704     4552704      4552704   4552704     4552704     4552704
57044                               57044
4618569          4618569                     .
5443081    5443081    5443081
5433703     5433703      5433703     5433703
very good
此软件真的非常好用，期待做得更好！！！
不错的软件方便简单易用，强烈支持
真的很好，适用，实用，给力！
简洁实用我喜欢
用了好久了，一直在用，实用。
特别好用
很好，很强大！
界面简洁明了，用起来十分方便，好用！
特别好，有很多任务。也非常有趣！
不错的软件，界面很清新，任务很多，很好！
非常好用，良心app,强烈推荐
确实不错，很好用
这真是极好的，内存也占的少，不错
真的很好用
还可以，正在试用中
非常好用 这个是感觉第一次这么好的软件
感觉蛮实用的，支持！
第一次体验，感觉很不错！
不错，软件很好用
超棒的软件
真的很不错，支持！
今天才下的，感觉不错，正在用
非常好用。强烈推荐
很不错，容易上手！值得推荐
刚开始用，感觉还不错！
一直用这个来着，感觉非常好。
易用又好用，好。
不错的软件，很实用，感觉挺好！
功能强大，界面简洁，操作流畅，不错的软件
不错，蛮好用的
好应用，比别的软件好多了，支持
一直在用，很不错的软件！
界面简洁实用
界面设计的很漂亮，功能很强大，值得推荐！ 力顶
太棒了!软件很好用，易操作，继续支持！
很喜欢用这个软件，不错，用了好长时间了，好用！
蛮好的软件
挺好的，界面简单容易操作，挺容易上手的，很好
软件不错，界面简单，有很多任务，值得一试，不用浪费很多时间的简单易懂
第一次用，很不错，
非常不错的应用 很好用
怎么以前不知道！希望任务越来越多！
感觉非常好！不耗时间也不费力气！有得赚！
软件很好用，任务很多很全，操作也方便
这个软件不错，希望越来越好
下个试试看，好像很不错！
好用实用~！顶一个。。
很好用～
下载了，使用了段时间，很满意很不错，实用
很不错的一款APP，好用，而且页面简单易懂
好东西要分享，实用！
一直用这个来着，感觉非常好。
不错，操作简单易上手
五分，体验不错，头一回用
功能很强大，给个赞！！
很好的，用了很久了
还好，用的挺不错的。
页面清晰，功能简单直接
设计很人性化，操作也很简单。应用很不错
很棒的一个app.
用了很久，挺好用的这个App
不错的应用，一直在使用中，越来越好用了。
好好用，力挺
真心不错，会一直支持下去的。
易操作、方便好用！
才开始用，目前满意。值得推荐。
挺好用的 支持一下
要是早点发现这个软件就好了，不错
好用！
挺好的，第一次用
5378834   5378834   5378834   5378834
非常不错的app
不错，比较实用。
软件非常棒，非常感谢
目前用着不错，很方便，实用！
使用方便，界面舒适。
感觉这个软件很不错，界面舒服，使用也挺方便
挺好的，试用中。。。
用起来很方便所以才推荐
一直在用，很好。
很不错的一款软件 ， 功能强大 ，非常有爱！很棒
挺好用的，功能都很完善。
APP很棒，界面很清新，操作简洁！
很强大，很好用，支持
刚刚安装上，估计应该好用
难得的优秀的app，真心赞
不错不错，用着感觉挺好的，操作也简单
这款软件很好用，而且功能很全面
用了很久了
这个应用很棒，真的很新奇，很实用，操作起来也很简单，很容易上手
界面清爽，一目了然
很实用的软件！！！！！好用
简单！易操作！太好用了！
还是蛮实用的~~
这个软件看起来好像不错啊！
特别好的应用，很有前景！
5370868             5370868
这个软件看起来好像不错啊！
刚玩几天，还没摸索透，操作很简单方便，挺不错的
期待这个app能越做越好
比我想象中好用，挺方便的
用着挺方便的，设计一目了然。不错
大爱这款APP，果断分享
只要好，必定点赞
very good
此软件真的非常好用，期待做得更好！！！
不错的软件方便简单易用，强烈支持
真的很好，适用，实用，给力！
简洁实用我喜欢
用了好久了，一直在用，实用。
特别好用
好，非常好的软件，随时都能整些小零钱！
特别好，有很多任务。也非常有趣！
不错的软件，界面很清新，任务很多，很好！
非常好用，良心app,强烈推荐
确实不错，很好用
挺新颖的软件，也非常实用
这真是极好的，内存也占的少，不错
真的很好用
还可以，正在试用中
非常好用 这个是感觉第一次这么好的软件
第一次体验，感觉很不错！
不错，软件很好用
超棒的软件
真的很不错，支持！
今天才下的，感觉不错，正在用
非常好用。强烈推荐
很不错，容易上手！值得推荐
5361770 5361770 5361770
刚开始用，感觉还不错！
一直用这个来着，感觉非常好。
5233969
4932475     4932475     4932475     4932475     4932475     4932475     4932475     4932475     4932475     4932475     4932475     4932475     4932475
5145972 514982
4552704   4552704   4552704   4552704   4552704   4552704   4552704   4552704    4552704   4552704   4552704   4552704    4552704   4552704   4552704   4552704    4552704   4552704   4552704   4552704
【5145972】 【5145982】
5231052  5231052
4674244
5161827
5118694    5118694  5118694
4552704  4552704    4552704     4552704     4552704     4552704     4552704  4552704    4552704     4552704     4552704     4552704      4552704  4552704    4552704     4552704     4552704     4552704      4552704  4552704    4552704     4552704     4552704     4552704     4552704  4552704    4552704     4552704     4552704     4552704    4552704  4552704    4552704     4552704     4552704     4552704
5039841
4552704   4552704    4552704     4552704      4552704     4552704    4552704     4552704      4552704      4552704    4552704     4552704      4552704       4552704    4552704     4552704      4552704         4552704    4552704     4552704      4552704    4552704     4552704      4552704
4985116
4552704    4552704    4552704      4552704       4552704       4552704        4552704      4552704    4552704      4552704       4552704       4552704        4552704        4552704    4552704      4552704       4552704       4552704        4552704   4552704      4552704       4552704       4552704        4552704
4552704    4552704     4552704      4552704      4552704       4552704       4552704   4552704    4552704    4552704      4552704      4552704       4552704       4552704   4552704    4552704
4552704   4552704    4552704     4552704         4552704         4552704   4552704     4552704         4552704         4552704
☞4917161   4917161   4917161
4917161
4917161
4552704    4552704    4552704     4552704     4552704     4552704     4552704    4552704     4552704     4552704     4552704       4552704    4552704     4552704     4552704     4552704   4552704     4552704     4552704     4552704
4552704  4552704    4552704     4552704     4552704     4552704    4552704    4552704     4552704     4552704     4552704      4552704    4552704     4552704     4552704     4552704      4552704    4552704     4552704     4552704     4552704      4552704    4552704     4552704     4552704     4552704    4552704     4552704     4552704     4552704
4552704    4552704      4552704   4552704    4552704      4552704      4552704    4552704      4552704      4552704    4552704      4552704      4552704    4552704      4552704
4552704     4552704    4552704      4552704     4552704       4552704       4552704    4552704      4552704     4552704       4552704       4552704    4552704      4552704     4552704       4552704    4552704      4552704     4552704       4552704
4552704   4552704     4552704      4552704       4552704     4552704      4552704     4552704      4552704       4552704     4552704      4552704     4552704      4552704       4552704     4552704     4552704      4552704       4552704     4552704
491 6664
4552704     4552704      4552704      4552704      4552704      4552704         4552704       4552704
4552704   4552704   4552704   4552704   4552704    4552704    4552704   4552704   4552704   4552704    4552704   4552704   4552704   4552704   4552704    4552704   4552704   4552704   4552704   4552704    4552704  4552704   4552704   4552704    4552704
4552704   4552704   4552704   4552704   4552704    4552704    4552704   4552704   4552704   4552704    4552704   4552704   4552704   4552704   4552704    4552704   4552704   4552704   4552704   4552704    4552704  4552704   4552704   4552704    4552704
4552704  4552704   4552704    4552704   4552704    4552704   4552704   4552704    4552704   4552704    4552704   4552704   4552704    4552704   4552704    4552704   4552704   4552704    4552704   4552704    4552704   4552704   4552704    4552704   4552704    4552704   4552704    4552704   4552704    4552704
4552704   4552704      4552704     4552704    4552704    4552704    4552704      4552704     4552704    4552704    4552704    4552704      4552704     4552704    4552704    4552704    4552704      4552704     4552704    4552704    4552704      4552704     4552704    4552704    4552704
4552704    4552704    4552704    4552704    4552704     4552704     4552704     4552704     4552704      4552704     4552704
4552704   4552704    4552704    4552704    4552704    4552704    4552704    4552704    4552704    4552704    4552704    4552704    4552704    4552704    4552704    4552704    4552704    4552704    4552704    4552704    4552704    4552704    4552704    4552704
4553704    4553704   4553704    4553704    4553704    4553704   4553704    4553704   4553704    4553704    4553704    4553704   4553704    4553704   4553704    4553704    4553704    4553704   4553704  4553704    4553704    4553704    4553704   4553704
4552704    4552704    4552704     4552704     4552704     4552704     4552704     4552704    4552704     4552704     4552704     4552704     4552704   4552704     4552704     4552704     4552704     4552704
4645692         4645692           4645692            4645692
4552704   4552704    4552704    4552704    4552704    4552704    4552704     4552704    4552704    4552704     4552704    4552704    4552704     4552704    4552704    4552704     4552704    4552704        4552704    4552704    4552704    4552704    4552704    4552704 4552704    4552704    4552704
4706994，4706694
4552704   4552704   4552704    4552704    4552704     4552704    4552704    4552704    4552704    4552704    4552704    4552704    4552704    4552704   4552704    4552704    4552704     4552704    4552704    4552704    4552704    4552704    4552704    4552704    4552704    4552704   4552704    4552704    4552704     4552704    4552704    4552704    4552704    4552704    4552704    4552704    4552704  4552704    4552704    4552704     4552704    4552704    4552704    4552704    4552704    4552704    4552704    4552704
4552704    4552704    4552704    4552704    4552704    4552704
4552704   4552704   4552704     4552704     4552704     4552704     4552704   4552704     4552704     4552704     4552704     4552704   4552704     4552704     4552704     4552704     4552704   4552704     4552704     4552704     4552704  4552704     4552704     4552704     4552704
4907783
4906987
4552704  4552704   4552704    4552704    4552704     4552704      4552704     4552704   4552704    4552704    4552704     4552704      4552704      4552704   4552704    4552704    4552704     4552704      4552704     4552704   4552704    4552704    4552704     4552704      4552704   4552704    4552704    4552704     4552704      4552704
4552704    4552704   4552704    4552704    4552704   4552704   4552704   4552704    4552704   4552704    4552704    4552704   4552704   4552704   4552704  4552704    4552704    4552704   4552704   4552704   4552704
4552704   4552704    4552704    4552704    4552704    4552704    4552704    4552704    4552704    4552704   4552704    4552704    4552704    4552704   4552704    4552704    4552704    4552704    4552704    4552704    4552704    4552704    4552704    4552704    4552704    4552704   4552704    4552704    4552704    4552704   4552704    4552704    4552704    4552704    4552704    4552704    4552704    4552704    4552704    4552704    4552704   4552704    4552704    4552704    4552704   4552704    4552704    4552704
4552704    4552704    4552704    4552704    4552704    4552704    4552704     4552704    4552704    4552704     4552704    4552704    4552704    4552704    4552704    4552704     4552704    4552704    4552704   4552704    4552704    4552704    4552704    4552704     4552704    4552704    4552704
4552704    4552704    4552704    4552704    4552704    4552704    4552704    4552704    4552704    4552704    4552704    4552704    4552704   4552704    4552704    4552704
4552704   4552704   4552704   4552704   4552704    4552704    4552704    4552704   4552704   4552704   4552704    4552704    4552704    4552704   4552704   4552704   4552704    4552704    4552704    4552704   4552704   4552704   4552704    4552704    4552704   4552704   4552704   4552704    4552704    4552704
4552704   4552704    4552704    4552704    4552704    4552704    4552704    4552704    4552704    4552704    4552704    4552704    4552704    4552704    4552704    4552704    4552704    4552704    4552704    4552704
4552704   4552704   4552704   4552704    4552704    4552704   4552704   4552704    4552704    4552704   4552704   4552704    4552704     4552704   4552704   4552704    4552704     4552704   4552704   4552704    4552704   4552704   4552704    4552704     4552704   4552704   4552704    4552704
4552704     4552704    4552704     4552704     4552704     4552704     4552704     4552704    4552704     4552704     4552704     4552704     4552704    4552704    4552704     4552704     4552704     4552704     4552704     4552704    4552704     4552704     4552704     4552704     4552704   4552704     4552704     4552704     4552704     4552704
4552704    4552704   4552704    4552704    4552704    4552704    4552704   4552704    4552704    4552704    4552704    4552704   4552704    4552704    4552704    4552704  4552704    4552704    4552704    4552704
4552704   4552704    4552704    4552704     4552704    4552704    4552704    4552704    4552704     4552704    4552704    4552704    4552704    4552704     4552704    4552704    4552704    4552704    4552704     4552704    4552704    4552704    4552704     4552704    4552704
4552704   4552704    4552704    4552704    4552704    4552704    4552704    4552704    4552704    4552704    4552704    4552704    4552704    4552704    4552704    4552704         4552704    4552704    4552704    4552704    4552704    4552704    4552704    4552704 4552704   4552704    4552704    4552704
4552704   4552704    4552704      4552704      4552704     4552704    4552704    4552704      4552704      4552704     4552704    4552704    4552704      4552704      4552704     4552704   4552704      4552704      4552704     4552704
4552704   4552704   4552704   4552704   4552704   4552704   4552704   4552704   4552704   4552704   4552704   4552704   4552704   4552704   4552704   4552704   4552704   4552704   4552704    4552704   4552704   4552704   4552704   4552704   4552704    4552704   4552704   4552704   4552704   4552704   4552704  4552704   4552704   4552704   4552704   4552704
4552704  4552704   4552704  4552704    4552704    4552704   4552704  4552704    4552704    4552704   4552704   4552704  4552704    4552704    4552704     4552704   4552704  4552704    4552704    4552704  4552704  4552704    4552704    4552704
4552704  4552704   4552704   4552704    4552704   4552704   4552704   4552704   4552704   4552704    4552704   4552704   4552704   4552704   4552704   4552704    4552704   4552704   4552704   4552704   4552704   4552704    4552704   4552704   4552704    4552704   4552704   4552704    4552704   4552704   4552704   4552704   4552704    4552704   4552704   4552704
4552704   4552704   4552704   4552704   4552704    4552704   4552704   4552704   4552704   4552704    4552704   4552704   4552704   4552704   4552704    4552704   4552704   4552704   4552704   4552704    4552704   4552704   4552704   4552704   4552704    4552704     4552704   4552704   4552704   4552704    4552704  4552704   4552704   4552704    4552704
4552704    4552704   4552704     4552704     4552704     4552704     4552704     4552704   4552704     4552704     4552704     4552704     4552704     4552704   4552704     4552704     4552704     4552704     4552704      4552704   4552704     4552704     4552704     4552704     4552704     4552704   4552704     4552704     4552704     4552704     4552704  4552704     4552704     4552704     4552704     4552704
4552704   4552704  4552704   4552704   4552704   4552704   4552704   4552704  4552704   4552704   4552704   4552704   4552704   4552704  4552704   4552704   4552704   4552704   4552704 4552704   4552704   4552704   4552704   4552704   4552704   4552704  4552704   4552704   4552704   4552704   4552704   4552704  4552704   4552704   4552704   4552704   4552704   4552704  4552704   4552704   4552704   4552704   4552704 4552704   4552704   4552704   4552704   4552704   4552704   4552704  4552704   4552704   4552704   4552704   4552704   4552704  4552704   4552704   4552704   4552704   4552704   4552704  4552704   4552704   4552704   4552704   4552704 4552704   4552704   4552704   4552704   4552704    4552704   4552704  4552704   4552704   4552704   4552704   4552704   4552704  4552704   4552704   4552704   4552704   4552704   4552704  4552704   4552704   4552704   4552704   4552704 4552704   4552704   4552704   4552704   4552704
4552704   4552704    4552704   4552704    4552704       4552704    4552704   4552704    4552704       4552704  4552704    4552704       4552704     4552704    4552704   4552704    4552704       4552704    4552704   4552704    4552704       4552704  4552704    4552704       4552704      4552704    4552704   4552704    4552704       4552704    4552704   4552704    4552704       4552704  4552704    4552704          4552704    4552704   4552704    4552704       4552704    4552704   4552704    4552704       4552704  4552704    4552704       4552704  4552704    4552704   4552704    4552704       4552704    4552704   4552704    4552704       4552704  4552704    4552704       4552704
不错，好
4552704    4552704   4552704   4552704   4552704   4552704   4552704   4552704   4552704   4552704   4552704   4552704   4552704   4552704   4552704   4552704   4552704  4552704   4552704   4552704
4552704   4552704   4552704  4552704   4552704   4552704    4552704   4552704  4552704   4552704   4552704    4552704   4552704  4552704   4552704   4552704    4552704   4552704  4552704   4552704   4552704  4552704  4552704   4552704   4552704
4552704   4552704   4552704   4552704   4552704   4552704   4552704   4552704   4552704   4552704   4552704   4552704   4552704   4552704   4552704   4552704   4552704   4552704   4552704   4552704   4552704   4552704   4552704   4552704   4552704  4552704   4552704
4877822   4877822    4877822    4877822    4877822    4877822    4877822    4877822    4877822    4877822    4877822    4877822    4877822    4877822    4877822    4877822    4877822    4877822    4877822    4877822    4877822      4877822    4877822    4877822    4877822    4877822    4877822    4877822    4877822    4877822
4669015
4683898
4677792白天更新，都放任务
4604255最好白天更新，任务再多点
4575764  任务还得多些
4739605 高阶任务太少了
13652
4684119
4708421
4750833
4855001
4773687
太好了
很棒的！1
4686781
4782011
4631658
4555399
4705969
4678665
4865588
4669013     4669013
3011705
4577911          4577911
4737893    4737893
4598541       4598541
还不错，值得用
4855441
快捷、简单、小巧、好用
挺好用的
东西非常好
软件不错很好用，任务又多
非常完美的软件非常完美的软件
很好
挺不错的
很好用的软件。
不错不错
真的很不错，非常的好
不错的软件啊不错的
非常好
57044
不错的软件，很喜欢。
不错啦  不错
很好
很好用
好
真的很好用
很好的工具
非常好的软件
很好
4625141   4625141
非常好，强烈推荐
非常好用，4568723
很不错很好
非常棒
很棒，很喜欢
真的好
非常好
非常喜欢
很喜欢
很喜欢
好用我喜欢
我喜欢好
好用
挺好的
非常好
很棒
非常好
非常好
非常好
很喜欢这款款件
非常好用，不错的软件
太棒了
4842452
非常好用
非常好
不错很好很好
很好
不错
很好
很好
很不错
很好
4589203 4589203
4669015
4669015
4669015
4669015
4658149                    4658 149           4658149     4658149          4658149          4658149          4658149
4658149                    4658 149           4658149     4658149          4658149          4658149          4658149
4669015
4689517
14292     14292     14292     14292     14292
4645023
4587883     4587, 883
4552704    4552704     4552704     4552704     4552704 4552704    4552704     4552704     4552704     45527043 4552704    4552704     4552704     4552704     4552704 4552704    4552704     4552704     4552704     4552704 4552704    4552704     4552704     4552704     4552704 4552704    4552704     4552704     4552704     4552704 4552704    4552704     4552704     4552704     4552704 4552704    4552704     4552704     4552704     4552704 4552704    4552704     4552704     4552704     4552704 4552704    4552704     4552704     4552704     4552704 4552704    4552704     4552704     4552704     4552704 4552704    4552704     4552704     4552704     4552704 4552704    4552704     4552704     4552704     4552704
14292   14292    14292  14292  14292   14292    14292   14292
11414         11414         11414      11414 11414         11414         11414      11414 11414         11414         11414      11414 11414         11414         11414      11414 11414         11414         11414      11414 11414         11414         11414      11414
16340     16340     16340
4597225    4597225    4597225
57044       57044        57044             57044            57044
57044         57044                  57044              57044               57044                        57044
4561730 4561730 4561730 4561730 4561730 4561730 4561730 4561730
14627          14627          14627          14627          14627          14627
4552704   4552704    4552704    4552704    4552704    4552704    4552704     4552704    4552704   4552704    4552704    4552704    4552704    4552704    4552704     4552704    4552704    4552704   4552704    4552704        4552704   4552704    4552704    4552704    4552704    4552704    4552704     4552704    4552704    4552704   4552704    4552704        4552704   4552704    4552704    4552704    4552704    4552704    4552704     4552704    4552704    4552704   4552704    4552704        4552704   4552704    4552704    4552704    4552704    4552704    4552704     4552704    4552704    4552704   4552704    4552704        4552704   4552704    4552704    4552704    4552704    4552704    4552704     4552704    4552704    4552704   4552704    4552704        4552704   4552704    4552704    4552704    4552704    4552704    4552704     4552704    4552704    4552704   4552704    4552704            4552704    4552704   4552704    4552704
4552704   4552704   4552704   4552704   4552704   4552704   4552704    4552704   4552704    4552704
4550419  4550419  4550419  4550419  4550419  4550419  4550419  4550419  4550419  4550419  4550419  4550419
20680
57044                 57044                    57044                       57044
14292
