1087503                 1087503
192887
邀請碼2188819
920847      920847     920847      920847
920847         920847
1087503             1087503
1370   1370    1370    1370    1370  1370   1370    1370    1370    1370   1370   1370    1370    1370    1370    1370   1370    1370    1370    1370     1370   1370    1370    1370    1370065
7190  7190    7190    7190   7190    7190     7190     7190    7190     7190   7190   7190     7190     7190   7190    7190   7190     7190
719063    719063     719063      719063     719063    719063     719063      719063      719063    719063     719063      719063      719063    719063     719063      719063    719063    719063     719063      719063     719063    719063     719063      719063      719063    719063     719063      719063      719063    719063     719063      719063
719063   719063    719063   719063  719063   719063    719063   719063   719063   719063    719063   719063    719063   719063    719063   719063    719063   719063    719063   719063    719063   719063    719063   719063    719063   719063    719063   719063
49xwg7ti
719063   719063    719063    719063    719063    719063    719063    719063   719063   719063    719063    719063    719063    719063    719063    719063   719063   719063    719063    719063    719063    719063    719063    719063     719063   719063    719063    719063    719063    719063    719063    719063
1087503             1087503
2188819     2188819                                                                     .
3395993      3395993     3395993
719063  719063    719063      719063      719063      719063    719063      719063      719063       719063    719063      719063      719063       719063    719063      719063      719063    719063      719063      719063
2188819    2188819                                  ，
719063   719063     719063       719063       719063     719063       719063       719063     719063       719063     719063       719063
719063   719063     719063      719063       719063       719063       719063      719063     719063      719063       719063       719063       719063     719063      719063       719063       719063       719063
719063     719063      719063      719063       719063      719063      719063        719063      719063      719063     719063      719063
719063    719063     719063     719063     719063     719063     719063     719063     719063     719063      719063     719063     719063       719063     719063     719063    719063     719063
719063   719063      719063     719063       719063       719063      719063     719063       719063        719063      719063     719063       719063      719063     719063       719063
719063   719063     719063      719063     719063     719063     719063     719063      719063     719063     719063     719063     719063      719063     719063     719063      719063     719063      719063     719063     719063     719063     719063      719063     719063     719063    719063      719063     719063     719063
719063   719063    719063    719063      719063        719063       719063      719063
719063    719063    719063     719063     719063    719063    719063     719063     719063     719063    719063     719063     719063      719063    719063     719063     719063   719063     719063     719063
1401925        1401925
719063     719063     719063      719063     719063      719063       719063         719063     719063      719063     719063      719063       719063    719063      719063     719063      719063       719063
719063   719063    719063    719063      719063      719063    719063    719063    719063      719063      719063     719063    719063    719063      719063      719063   719063    719063      719063      719063
719063     719063     719063     719063     719063     719063     719063    719063
719063  719063   719063    719063    719063   719063   719063   719063    719063    719063   719063   719063   719063    719063    719063   719063   719063   719063    719063    719063   719063    719063   719063    719063    719063   719063   719063   719063    719063    719063   719063  719063    719063    719063   719063
719063   719063   719063    719063   719063    719063   719063   719063    719063   719063    719063   719063   719063    719063   719063    719063    719063   719063    719063   719063    719063    719063   719063    719063   719063    719063  719063    719063   719063    719063
719063    719063   719063    719063    719063    719063    719063    719063   719063    719063    719063    719063    719063    719063   719063    719063    719063    719063    719063    719063   719063    719063    719063    719063    719063  719063    719063    719063    719063    719063
719063    719063   719063    719063    719063    719063    719063    719063   719063    719063    719063    719063    719063    719063   719063    719063    719063    719063    719063    719063   719063    719063    719063    719063    719063  719063    719063    719063    719063    719063
1401925            1401925          1401925       1401925
719063    719063    719063    719063    719063    719063    719063    719063    719063    719063    719063     719063    719063    719063    719063    719063    719063    719063    719063    719063    719063   719063    719063    719063    719063
719063   719063   719063    719063    719063     719063   719063    719063    719063     719063   719063    719063    719063    719063   719063    719063    719063  719063    719063    719063
719063   719063     719063     719063     719063    719063    719063   719063     719063     719063
719063   719063     719063     719063     719063    719063    719063   719063     719063     719063
719063    719063     719063     719063     719063     719063     719063
719063    719063   719063    719063    719063    719063     719063    719063   719063    719063    719063    719063          719063   719063    719063    719063    719063     719063     719063   719063    719063    719063    719063     719063 719063  719063    719063    719063    719063     719063
719063    719063   719063    719063    719063    719063     719063    719063   719063    719063    719063    719063          719063   719063    719063    719063    719063     719063     719063   719063    719063    719063    719063     719063 719063  719063    719063    719063    719063     719063
719063    719063   719063    719063    719063    719063     719063    719063   719063    719063    719063    719063          719063   719063    719063    719063    719063     719063     719063   719063    719063    719063    719063     719063 719063  719063    719063    719063    719063     719063
719063    719063   719063    719063    719063    719063     719063    719063   719063    719063    719063    719063          719063   719063    719063    719063    719063     719063     719063   719063    719063    719063    719063     719063 719063  719063    719063    719063    719063     719063
719063    719063   719063    719063    719063    719063     719063    719063   719063    719063    719063    719063          719063   719063    719063    719063    719063     719063     719063   719063    719063    719063    719063     719063 719063  719063    719063    719063    719063     719063
719063    719063   719063    719063    719063    719063    719063    719063   719063    719063    719063    719063    719063    719063   719063    719063    719063    719063    719063    719063   719063    719063    719063    719063    719063     719063   719063    719063    719063    719063    719063  719063    719063    719063    719063    719063
719063    719063   719063    719063    719063    719063    719063    719063   719063    719063    719063    719063    719063    719063   719063    719063    719063    719063    719063    719063   719063    719063    719063    719063    719063     719063   719063    719063    719063    719063    719063  719063    719063    719063    719063    719063
719063    719063   719063    719063    719063    719063    719063    719063   719063    719063    719063    719063    719063    719063   719063    719063    719063    719063    719063    719063   719063    719063    719063    719063    719063     719063   719063    719063    719063    719063    719063  719063    719063    719063    719063    719063
719063    719063   719063    719063    719063    719063    719063    719063    719063    719063    719063    719063    719063    719063    719063    719063    719063    719063    719063    719063    719063    719063    719063    719063    719063  719063    719063    719063    719063    719063    719063    719063    719063    719063    719063    719063    719063    719063    719063    719063    719063    719063    719063    719063    719063    719063    719063    719063
719063    719063   719063    719063    719063    719063    719063    719063    719063    719063    719063    719063    719063    719063    719063    719063    719063    719063    719063    719063    719063    719063    719063    719063    719063  719063    719063    719063    719063    719063    719063    719063    719063    719063    719063    719063    719063    719063    719063    719063    719063    719063    719063    719063    719063    719063    719063    719063
719063   719063   719063   719063   719063   719063   719063    719063   719063   719063   719063   719063   719063    719063   719063   719063   719063   719063   719063    719063   719063   719063   719063   719063   719063    719063   719063   719063   719063   719063   719063   719063   719063   719063   719063   719063
719063    719063    719063    719063    719063    719063    719063    719063    719063    719063    719063    719063    719063    719063    719063    719063    719063    719063    719063    719063    719063    719063    719063    719063    719063     719063    719063    719063    719063    719063      719063    719063    719063    719063    719063   719063    719063    719063    719063
719063    719063   719063   719063   719063    719063    719063    719063    719063    719063   719063   719063   719063    719063    719063    719063    719063    719063   719063   719063   719063    719063    719063    719063    719063    719063   719063   719063   719063    719063    719063    719063    719063  719063   719063   719063    719063    719063    719063    719063
719063   719063   719063   719063   719063   719063    719063   719063   719063   719063    719063   719063   719063   719063  719063   719063   719063   719063   719063   719063   719063   719063    719063   719063   719063   719063    719063   719063   719063   719063  719063   719063   719063  719063   719063   719063   719063    719063   719063   719063   719063    719063   719063   719063   719063  719063   719063   719063
719063   719063   719063   719063   719063   719063   719063   719063   719063   719063   719063   719063   719063   719063   719063   719063   719063   719063   719063   719063   719063   719063   719063   719063
719063     719063      719063    719063   719063   719063   719063   719063     719063      719063    719063   719063   719063   719063   719063     719063      719063    719063   719063   719063   719063
719063   719063   719063   719063   719063   719063         719063   719063   719063   719063   719063   719063   719063   719063   719063   719063   719063   719063   719063   719063   719063   719063   719063   719063     719063   719063   719063   719063   719063   719063
719063   719063    719063   719063   719063    719063   719063    719063   719063   719063    719063    719063    719063   719063   719063    719063       719063   719063   719063    719063   719063   719063    719063   719063   719063    719063   719063    719063   719063   719063    719063    719063    719063   719063   719063    719063       719063   719063   719063    719063
719063    719063   719063    719063    719063    719063   719063    719063    719063    719063   719063    719063    719063      719063    719063    719063     719063    719063   719063    719063    719063    719063   719063    719063    719063    719063   719063    719063    719063      719063    719063    719063    719063    719063   719063    719063    719063    719063   719063    719063    719063    719063   719063    719063    719063      719063    719063    719063
719063  719063  719063   719063   719063   719063    719063  719063   719063   719063   719063   719063  719063  719063   719063   719063   719063   719063  719063   719063   719063   719063   719063  719063   719063   719063   719063    719063  719063   719063   719063   719063 719063   719063   719063   719063
719063  719063   719063   719063   719063   719063   719063   719063   719063   719063   719063   719063   719063   719063   719063   719063   719063   719063   719063   719063   719063   719063   719063   719063   719063   719063   719063   719063   719063   719063
719063   719063   719063   719063   719063    719063   719063   719063   719063   719063    719063   719063   719063   719063   719063    719063   719063  719063   719063    719063   719063  719063   719063   719063   719063    719063   719063   719063   719063   719063    719063   719063   719063   719063   719063    719063   719063  719063   719063    719063   719063  719063   719063   719063    719063   719063   719063   719063   719063    719063   719063   719063   719063   719063    719063   719063  719063   719063    719063   719063
719063  719063  719063   719063   719063   719063  719063   719063   719063   719063  719063   719063   719063   719063  719063   719063   719063   719063  719063   719063   719063   719063  719063   719063   719063   719063  719063   719063   719063   719063  719063   719063   719063   719063  719063   719063   719063   719063  719063   719063   719063   719063   719063   719063
719063   719063   719063   719063   719063   719063   719063   719063   719063   719063   719063   719063   719063    719063   719063   719063   719063   719063   719063   719063   719063    719063   719063   719063   719063   719063   719063   719063   719063   719063   719063   719063   719063  719063   719063   719063
719063   719063     719063    719063   719063   719063    719063    719063     719063    719063   719063   719063    719063    719063     719063    719063   719063   719063    719063        719063     719063    719063   719063   719063    719063      719063     719063    719063   719063   719063    719063     719063    719063   719063   719063    719063
1497357
3285861  3285861
192887
1087503
920847       920847    920847
920847      920847
就是不喜欢
883721   883721   883721   883721   883721   883721   883721
1497357    1497357       1497357                                1497357
1497357
1497357
2253363   2253363   2253363  2253363
1087503
2314423     2314423     2314423     2314423     2314423     2314423     2314423     2314423     2314423     2314423     2314423     2314423     2314423     2314423     2314423     2314423     2314423     2314423     2314423     2314423     2314423     2314423     2314423     2314423     2314423     2314423     2314423
1638141
1355861
1348435     1348435    1348435
1970093
1564401
719063    719063    719063   719063    719063    719063 719063    719063    719063 719063    719063    71906 719063    719063    719063 719063    719063    719063 719063    719063    719063
1025795 1025795  1025795  1025795  1025795
1016399    1016399  1016399    1016399 1016399    1016399 1016399    1016399 1016399    1016399 1016399    1016399 1016399    1016399
719063   719063
73870         73870          73870           73870           73870           73870
719063  719063   719063   719063  719063   719063    719063    719063    719063    719063    719063     719063    719063     719063      719063  719063   719063   719063  719063   719063    719063    719063    719063    719063    719063     719063    719063     719063      719063  719063   719063   719063  719063   719063    719063    719063    719063    719063    719063     719063    719063     719063       719063  719063   719063   719063  719063   719063    719063    719063    719063    719063    719063     719063    719063     719063        719063  719063   719063   719063  719063   719063    719063    719063    719063    719063    719063     719063    719063     719063         719063  719063   719063   719063  719063   719063    719063    719063    719063    719063    719063     719063    719063     719063        719063  719063   719063   719063  719063   719063    719063    719063    719063    719063    719063     719063    719063     719063         719063  719063   719063
783775 783775 783775
719063    719063    719063   719063   719063     719063       719063
好！应用太少了
