15862922
12830352
24681736
15862922              15862922
17376166   17376166    17376166     17376166      17376166       17376166    17376166     17376166      17376166        17376166    17376166     17376166      17376166   17376166     17376166      17376166
12190193      12190193      12190193                   12190193
17376166     17376166      17376166      17376166     17376166     17376166      17376166      17376166        17376166     17376166      17376166      17376166
12190193         12190193   12190193       12190193       12190193        12190193          12190193                      12190193
17376166    17376166   17376166    17376166    17376166    17376166    17376166   17376166    17376166    17376166     17376166    17376166   17376166    17376166    17376166    17376166    17376166   17376166    17376166    17376166    17376166    17376166   17376166    17376166    17376166    17376166    17376166   17376166    17376166    17376166     17376166    17376166   17376166    17376166    17376166    17376166    17376166   17376166    17376166    17376166   17376166    17376166   17376166    17376166    17376166    17376166    17376166   17376166    17376166    17376166     17376166    17376166   17376166    17376166    17376166    17376166    17376166   17376166    17376166    17376166
41681365
17376166    17376166     17376166      17376166      17376166     17376166      17376166       17376166     17376166      17376166        17376166     17376166      17376166          17376166     17376166      17376166    17376166      17376166
17376166     17376166     17376166      17376166      17376166      17376166     17376166      17376166      17376166        17376166     17376166      17376166      17376166    17376166      17376166      17376166
17376166     17376166     17376166        17376166        17376166     17376166      17376166     17376166        17376166        17376166     17376166    17376166        17376166        17376166     17376166
17376166  17376166    17376166      17376166      17376166       17376166      17376166    17376166      17376166      17376166       17376166   17376166      17376166      17376166       17376166
17376166   17376166   17376166    17376166    17376166    17376166    17376166    17376166   17376166    17376166    17376166    17376166    17376166   17376166   17376166    17376166    17376166    17376166    17376166  17376166    17376166    17376166    17376166    17376166
17376166      17376166     17376166     17376166    17376166     17376166    17376166     17376166     17376166    17376166     17376166    17376166     17376166    17376166     17376166
17376166   17376166    17376166    17376166    17376166    17376166    17376166    17376166    17376166    17376166    17376166    17376166    17376166    17376166    17376166    17376166    17376166    17376166
17376166   17376166   17376166    17376166    17376166     17376166   17376166    17376166    17376166     17376166   17376166    17376166    17376166     17376166   17376166    17376166    17376166      17376166   17376166    17376166    17376166   17376166    17376166    17376166
17376166  17376166   17376166    17376166     17376166     17376166    17376166   17376166    17376166     17376166     17376166    17376166   17376166    17376166     17376166     17376166    17376166   17376166    17376166     17376166     17376166    17376166   17376166    17376166     17376166     17376166    17376166   17376166    17376166     17376166     17376166   17376166    17376166     17376166     17376166
17376166    17376166    17376166    17376166     17376166     17376166    17376166    17376166    17376166    17376166     17376166     17376166     17376166    17376166    17376166    17376166     17376166     17376166      17376166    17376166    17376166    17376166     17376166     17376166    17376166    17376166    17376166    17376166     17376166     17376166
17376166    17376166    17376166       17376166       17376166     17376166    17376166       17376166       17376166          17376166    17376166       17376166       17376166    17376166    17376166       17376166       17376166     17376166    17376166       17376166       17376166    17376166       17376166       17376166
17376166    17376166    17376166     17376166    17376166     17376166    17376166     17376166    17376166     17376166    17376166     17376166    17376166    17376166     17376166    17376166
17376166    17376166    17376166    17376166    17376166    17376166    17376166     17376166    17376166    17376166    17376166    17376166    17376166     17376166    17376166    17376166    17376166    17376166    17376166    17376166    17376166    17376166    17376166    17376166    17376166   17376166    17376166    17376166    17376166    17376166
17376166    17376166   17376166   17376166    17376166        17376166    17376166   17376166   17376166    17376166    17376166    17376166    17376166   17376166   17376166    17376166        17376166   17376166   17376166    17376166
17376166   17376166     17376166     17376166    17376166     17376166    17376166    17376166     17376166     17376166    17376166     17376166    17376166    17376166     17376166     17376166    17376166     17376166    17376166    17376166     17376166    17376166     17376166    17376166
17376166   17376166    17376166    17376166    17376166     17376166    17376166    17376166    17376166     17376166    17376166    17376166    17376166     17376166    17376166    17376166         17376166    17376166    17376166    17376166 17376166    17376166    17376166    17376166
17618549      17618549                                          .
17376166   17376166   17376166   17376166   17376166    17376166    17376166   17376166   17376166   17376166    17376166    17376166   17376166   17376166   17376166         17376166   17376166   17376166   17376166    17376166 17376166   17376166   17376166   17376166    17376166
17376166    17376166   17376166   17376166   17376166   17376166    17376166    17376166   17376166   17376166   17376166   17376166    17376166    17376166   17376166   17376166   17376166   17376166    17376166    17376166   17376166   17376166   17376166   17376166    17376166  17376166   17376166   17376166   17376166    17376166
17376166  17376166   17376166   17376166   17376166    17376166    17376166    17376166   17376166   17376166   17376166    17376166    17376166    17376166   17376166   17376166   17376166    17376166    17376166    17376166   17376166   17376166   17376166    17376166    17376166    17376166   17376166   17376166   17376166    17376166    17376166   17376166   17376166   17376166    17376166    17376166
17376166   17376166   17376166   17376166   17376166       17376166   17376166   17376166   17376166   17376166   17376166   17376166   17376166   17376166   17376166
17376166   17376166   17376166   17376166   17376166  17376166     17376166    17376166   17376166   17376166   17376166  17376166     17376166      17376166   17376166   17376166   17376166  17376166     17376166   17376166   17376166   17376166  17376166     17376166
17376166  17376166   17376166     17376166    17376166     17376166   17376166   17376166     17376166    17376166     17376166    17376166   17376166     17376166    17376166     17376166    17376166   17376166     17376166    17376166     17376166    17376166   17376166     17376166    17376166        17376166   17376166     17376166    17376166     17376166 17376166   17376166     17376166    17376166     17376166
17376166   17376166    17376166   17376166   17376166   17376166   17376166    17376166   17376166   17376166   17376166   17376166    17376166   17376166   17376166   17376166   17376166  17376166   17376166   17376166   17376166    17376166    17376166   17376166   17376166   17376166   17376166    17376166   17376166   17376166   17376166   17376166    17376166   17376166   17376166   17376166   17376166  17376166   17376166   17376166   17376166    17376166    17376166   17376166   17376166   17376166   17376166    17376166   17376166   17376166   17376166   17376166    17376166   17376166   17376166   17376166   17376166  17376166   17376166   17376166   17376166    17376166   17376166   17376166   17376166   17376166    17376166   17376166   17376166   17376166   17376166    17376166   17376166   17376166   17376166   17376166  17376166   17376166   17376166   17376166
38134459
17376166  17376166  17376166   17376166   17376166   17376166   17376166   17376166   17376166   17376166   17376166   17376166   17376166   17376166   17376166   17376166   17376166    17376166  17376166   17376166   17376166   17376166   17376166   17376166   17376166   17376166   17376166   17376166   17376166   17376166   17376166   17376166   17376166  17376166   17376166   17376166   17376166   17376166   17376166   17376166   17376166   17376166   17376166   17376166   17376166   17376166   17376166   17376166
17376166  17376166   17376166    17376166    17376166    17376166   17376166    17376166    17376166    17376166   17376166    17376166    17376166     17376166   17376166    17376166    17376166      17376166   17376166    17376166    17376166  17376166   17376166    17376166    17376166   17376166    17376166    17376166
24681736
15862922
37078398
12830352      12830352
14687784
36276183
36198224
36011027
15862922             1586 2922
33976144  33976144  33976144  33976144  33976144  33976144
22604109
33984395
28017132                    2801 7132            28017132 28017132                  28017132          28017132          28017132
28017132                    2801 7132            28017132 28017132                  28017132          28017132          28017132
33598748
26662459
17618549        17618549                                                             .
12190193     12190193    12190193     12190193
29788090     29788090    29788090   29788090    29788090     29788090    29788090
29755073     29755073    29755073
28016613
28947602    28947602     28947602    28947602     28947602       28947602
28015340
27884748
26583341
20351942    20351942    20351942
17376166    17376166     17376166      17376166    17376166   17376166    17376166     17376166      17376166    17376166   17376166    17376166     17376166      17376166    17376166   17376166    17376166     17376166      17376166    17376166   17376166    17376166     17376166      17376166    17376166   17376166    17376166     17376166      17376166    17376166   17376166    17376166     17376166      17376166    17376166   17376166    17376166     17376166      17376166    17376166   17376166    17376166     17376166      17376166    17376166   17376166    17376166     17376166      17376166    17376166   17376166    17376166     17376166      17376166    17376166
22460482       22460482    22460482    22460482   22460482    22460482    22460482    22460482     22460482    22460482
18775049
22269297  22269297   22269297   22269297
2180-5321  2180-5321 2180-5321  2180-53212180-5321  2180-53212180-5321  2180-53212180-5321  2180-53212180-5321  2180-53212180-5321  2180-53212180-5321  2180-53212180-5321  2180-53212180-5321  2180-53212180-5321  2180-53212180-5321  2180-53212180-5321  2180-53212180-5321  2180-53212180-5321  2180-53212180-5321  2180-53212180-5321  2180-53212180-5321  2180-53212180-5321  2180-53212180-5321  2180-53212180-5321  2180-53212180-5321  2180-53212180-5321  2180-53212180-5321  2180-53212180-5321  2180-53212180-5321  2180-53212180-5321  2180-53212180-5321  2180-53212180-5321  2180-5321
14910931 14910931 14910931 14910931 14910931 14910931
15862922       15862922         15862922          15862922
21047957  21047957  21047957  21047957  21047957  21047957  21047957
20625553   20625553   20625553    20625553    20625553
19431061    19431061    19431061    19431061    19431061    19431061    19431061    19431061    19431061
1586 2922        15862922                15862922             15862922                         15862922
16723462    16723462    16723462      16723462         16723462      16723462
19347889                                                                            19347889                                      19347889
17376166
19425047   19425047   19425047
8634739          8634739          8634739
17376166  17376166    17376166  17376166  17376166  17376166  17376166  17376166   17376166   17376166   17376166     17376166  17376166  17376166  17376166  17376166  17376166   17376166   17376166   17376166   17376166  17376166  17376166  17376166   17376166   17376166      17376166  17376166  17376166  17376166  17376166  17376166   17376166   17376166   17376166               17376166  17376166  17376166  17376166  17376166  17376166   17376166   17376166   17376166  17376166
14118978    14118978 14118978 14118978     14118978 14118978 14118978      14118978 14118978 14118978 14118978 14118978 14118978     14118978 14118978 14118978 14118978 14118978 14118978     14118978    14118978 14118978     14118978 14118978 14118978     14118978 14118978     14118978 14118978  14118978 14118978     14118978 14118978 / 14118978 / 14118978 14118978   14118978 14118978     14118978 14118978 14118978    14118978 14118978 14118978   14118978 14118978 14118978
17376166   17376166   17376166   17376166   17376166   17376166   17376166   17376166    17376166
17500901      17500901         17500901      17500901
8634739
