00632216,00632216,00632216
01382153
01377249
00222152
01286193不错
01320375.     01320375.      01320375.
01024049   01024049   01024049   01024049     01024049    01024049
不错的
01191120  ↖(^ω^)↗  01191120
很好用，给力
很不错
01208604 01208604  01208604 01208604 01208604 01208604
01210621
01145044    01145044  01145044
01194215      01194215       01194215      01194215     01194215
01146015   01146015   01146015       01146015    01146015        01146015    01146015
00091675
00091675
01169268    01169268    01169268
01147234
00944939     00944939     00944939     00944939     00944939     00944939     00944939     00944939     00944939     00944939     00944939     00944939     00944939     00944939     00944939     00944939     00944939     00944939     00944939     00944939     00944939     00944939
00535393    00535393     00535393      00535393      00535939
01121232
01076390
00310206      00310206      00310206      00310206     00310206       00310206      00310206      00310206      00310206      00310206      00310206      00310206      00310206      00310206
不错
00472032
00153125   00153125    00153125     00153125     00153125    00153125     00153125      00153125    00153125     00153125    00153125     00153125
00986534   00986534   00986534
00978474  00978474     00978474    00978474    00978474    00978474    00978474
00956426， 00956426， 00956426， 00956426， 00956426，
00933694  00933694  00933694  00933694
00811589
00833016
00814049    00814049    00814049
00786839(๑′°︿°๑)
00689138
00153125
00153125    00153125    00153125      00153125     00153125   00153125    00153125    00153125      00153125     00153125      00153125    00153125    00153125      00153125     00153125
0000 6259       0000 6259
00153125    00153125      00153125       00153125       00153125       00153125      00153125       00153125       00153125       00153125      00153125       00153125       00153125     00153125       00153125       00153125
00633223
0058 0205       0058 0205
00547360
00542358    00542358
00543422
00222152
00535985   00535985
00006259    00006259     00006259
00006259       00006259
00514649
00279465
00469014  00469014  00469014
00476781
00466192  00466192  00466192
00010044
00391472
00385037.......00385037
也不错
00340121
00334492
00280482
00319747
00307876  00307876    00307876    00307876   00307876
00300952                                                                                                                                                                                                                                                                                    00300952
0029 3497
00269365
00219452      00219452     00219452
00153125     00153125     00153125     00153125     00153125   00153125     00153125     00153125     00153125     00153125    00153125 00153125     00153125     00153125     00153125     00153125    00153125 00153125     00153125     00153125     00153125     00153125    00153125 00153125     00153125     00153125     00153125     00153125    00153125 00153125     00153125     00153125     00153125     00153125    00153125 00153125     00153125     00153125     00153125     00153125    00153125 00153125     00153125     00153125     00153125     00153125    00153125 00153125     00153125     00153125     00153125     00153125    00153125 00153125     00153125     00153125     00153125     00153125    00153125 00153125     00153125     00153125     00153125     00153125    00153125 00153125     00153125     00153125     00153125     00153125    00153125 00153125
00222152
00000056
00231898
00222728  00222728  00222728    00222728
00091675     00091675             00091675             00091675
0009 1675           0009 1675                           00091675                   00091675                          00091675
00213842     00213842      00213842     00213842     00213842      00213842       00213842      00213842
00153125   00153125
00011548         00011548           00011548
00000049    00000049     00000049
00153125   00153125  00153125     00153125    00153125      00153125    00153125    00153125     00153125    00153125   00153125  00153125     00153125    00153125      00153125    00153125    00153125     00153125      00153125   00153125      00153125     00153125      00153125     00153125     00153125   00153125  00153125     00153125    00153125      00153125    00153125    00153125     00153125      00153125   00153125      00153125     00153125      00153125     00153125     00153125   00153125  00153125     00153125    00153125      00153125    00153125    00153125     00153125      00153125   00153125      00153125     00153125      00153125     00153125     00153125   00153125  00153125     00153125    00153125      00153125    00153125    00153125     00153125      00153125   00153125      00153125     00153125      00153125     00153125     00153125   00153125  00153125     00153125           00153125   00153125      00153125     00153125      00153125     00153125
00010044
00153125   00153125   00153125    00153125   00153125   00153125    00153125   00153125   00153125      00153125   00153125    00153125
00015507   00015507   00015507   00015507   00015507   00015507
00000049     00000049
00000049       0000009      00000049      00000049       00000049
00000049      00000049      00000049       00000049       00000049
00000049    00000049      00000049     00000049
00002803     00002803       00002803
00002799  00002799  00002799
00086631
00077731
00068672    00068672    00068672
00001284
00000051
00001294
00011548           00011548           00011548
00000050
很好
