邀請ID6416468     邀請ID6416468     邀請ID6416468     邀請ID6416468     邀請ID6416468     邀請ID6416468     邀請ID6416468     邀請ID6416468     邀請ID6416468     邀請ID6416468     邀請ID6416468     邀請ID6416468     邀請ID6416468     邀請ID6416468     邀請ID6416468     邀請ID6416468     邀請ID6416468     邀請ID6416468     邀請ID6416468     邀請ID6416468     邀請ID6416468     邀請ID6416468     邀請ID6416468     邀請ID6416468     邀請ID6416468     邀請ID6416468     邀請ID6416468     邀請ID6416468     邀請ID6416468     邀請ID6416468     邀請ID6416468i
邀請ID6416468     邀請ID6416468     邀請ID6416468     邀請ID6416468     邀請ID6416468     邀請ID6416468     邀請ID6416468     邀請ID6416468     邀請ID6416468     邀請ID6416468     邀請ID6416468     邀請ID6416468     邀請ID6416468     邀請ID6416468     邀請ID6416468     邀請ID6416468     邀請ID6416468     邀請ID6416468     邀請ID6416468     邀請ID6416468     邀請ID6416468     邀請ID6416468     邀請ID6416468     邀請ID6416468     邀請ID6416468     邀請ID6416468     邀請ID6416468     邀請ID6416468     邀請ID6416468     邀請ID6416468     邀請ID6416468
邀請碼6416468     邀請碼6416468     邀請碼6416468     邀請碼6416468     邀請碼6416468     邀請碼6416468     邀請碼6416468     邀請碼6416468     邀請碼6416468     邀請碼6416468     邀請碼6416468     邀請碼6416468     邀請碼6416468     邀請碼6416468     邀請碼6416468     邀請碼6416468     邀請碼6416468     邀請碼6416468     邀請碼6416468     邀請碼6416468     邀請碼6416468     邀請碼6416468     邀請碼6416468     邀請碼6416468     邀請碼6416468     邀請碼6416468     邀請碼6416468     邀請碼6416468     邀請碼6416468     邀請碼6416468     邀請碼6416468i
12406049         12406049  ←邀請碼                                              12406049  12406049   12406049      12406049 12406049
11788439  11788439  11788439  11788439  11788439
haoyob
11788439    11788439  11788439  11788439  11788439  11788439  11788439  11788439  11788439  11788439  11788439   11788439
好
好好好
好好的
14088539
12479243
14085747 14085747 14085747
12406049                     12406049
12406049           12406049                                                                12406049
12099216
喝喝
ID13931290       ID13931290       ID13931290    ID13931290   ID13931290       ID13931290       ID13931290    ID13931290    ID13931290       ID13931290       ID13931290    ID13931290
666
14073261  14073261  14073261  14073261  14073261  14073261  14073261  14073261  14073261  14073261  14073261 14073261  14073261  14073261  14073261   14073261  14073261  14073261  14073261  14073261  14073261  14073261  14073261  14073261  14073261
即然是真的？试试吧！
好
真的好用！
好
邀請ID 12082266 邀請ID 12082266 邀請ID 12082266   12082266      12082266    12082266       12082266    12082266      12082266    12082266       12082266       12082266         12082266       12082266       12082266       12082266       12082266     12082266     12082266     12082266       12082266     12082266    12082266    12082266    12082266       12082266     12082266       12082266       12082266       12082266         12082266       12082266       12082266             12082266       12082266   12082266           12082266  12082266      12082266      12082266       12082266     12082266       12082266   12082266     12082266       12082266         12082266 12082266             12082266       12082266         12082266                 12082266            12082266    12082266      12082266         12082266             12082266           12082266             12082266           12082266           12082266           12082266      12082266
12082266    12082266    12082266                 12082266                     12082266             12082266                             12082266                     12082266                           12082266             12082266                 12082266                 12082266                 12082266                 12082266                       12082266                                   12082266                         12082266                                      12082266               12082266                           12082266                 12082266             12082266                 12082266               12082266            12082266                 12082266         12082266         12082266       12082266         12082266       12082266       12082266         12082266       12082266         12082266       12082266         12082266       12082266            12082266         12082266       12082266         12082266         12082266   12082266   12082266
邀請ID 12082266 邀請ID 12082266 邀請ID 12082266   12082266   12082266   12082266                  12082266                  12082266     12082266       12082266         12082266   12082266       12082266     12082266     12082266         12082266     12082266         12082266      12082266         12082266     12082266         12082266   12082266         12082266       12082266            12082266                 12082266      12082266       12082266       12082266           12082266       12082266         12082266       12082266    12082266   12082266     12082266       12082266         12082266       12082266           12082266             12082266           12082266        12082266             12082266       12082266     12082266           12082266       12082266             12082266              12082266                   12082266         12082266               12082266   12082266   12082266           12082266     12082266     12082266       12082266     12082266
12406049       12406049                            12406049
14045684
14030697 14030697 14030697 14030697 14030697 14030697 14030697 14030697
12082266 12082266 12082266     12082266     12082266     12082266     12082266     12082266     12082266     12082266     12082266     12082266     12082266     12082266     12082266     12082266     12082266     12082266     12082266     12082266     12082266     12082266     12082266     12082266     12082266     12082266     12082266     12082266     12082266     12082266     12082266     12082266     12082266     12082266     12082266     12082266     12082266     12082266     12082266     12082266     12082266     12082266     12082266     12082266     12082266     12082266     12082266     12082266     12082266     12082266     12082266     12082266     12082266     12082266     12082266     12082266     12082266     12082266     12082266     12082266     12082266     12082266     12082266     12082266     12082266     12082266     12082266     12082266     12082266     12082266     12082266     12082266     12082266     12082266
邀請ID6416468    邀請ID6416468           邀請ID6416468            邀請ID6416468            邀請ID6416468         邀請ID6416468         邀請ID6416468            邀請ID6416468          邀請ID6416468          邀請ID6416468          邀請ID6416468         邀請ID6416468     邀請ID6416468     邀請ID6416468     邀請ID6416468     邀請ID6416468     邀請ID6416468     邀請ID6416468     邀請ID6416468     邀請ID6416468     邀請ID6416468     邀請ID6416468     邀請ID6416468     邀請ID6416468     邀請ID6416468     邀請ID6416468     邀請ID6416468     邀請ID6416468     邀請ID6416468     邀請ID6416468     邀請ID6416468     邀請ID6416468     邀請ID6416468     邀請ID6416468     邀請ID6416468     邀請ID6416468     邀請ID6416468     邀請ID6416468     邀請ID6416468     邀請ID6416468     邀請ID6416468     邀請ID6416468  rm
很好用，11503144。。
12943144 12943144
6416468
非常好！
98 分
.
一打开         手机就关机囧
13976980
挺好的
12549653       12549653      12549653       12549653     12549653      12549653      12549653     12549653      12549653     12549653      12549653     12549653     12549653     12549653      12549653      12549653     12549653     12549653     12549653    12549653     12549653     12549653    12549653     12549653    12549653   12549653      12549653     12549653    12549653    12549653      12549653     12549653    12549653     12549653   12549653    12549653     12549653    12549653     └(^O^)┘红红火火恍恍惚惚 12549653      12549653   12549653   12549653  怒刷存在感！(ง •̀_•́)ง    12549653    12549653  12549653   12549653   12549653    12549653    12549653     | ✿✿ヽ(ﾟ▽ﾟ)ノ✿完结撒花！
挺好的！！！！！！！！！
很好
好用
13938939
玩不了了
id13930960
。。。
非常好用！！！！
好用
不错不错
非常的好用。
不错的软件
不错的一种app
很好
这个软件真的很好用
这个软件不错！值得一直用
987241      987241  987241  987241
很多
邀請ID 12002146     邀請ID 12002146  邀請ID 12002146     邀請ID 12002146  邀請ID 12002146  邀請ID 12002146     邀請ID 12002146     邀請ID 12002146       邀請ID 12002146  邀請ID 12002146  邀請ID 12002146      邀請ID 12002146  邀請ID 12002146       邀請ID 12002146    邀請ID 12002146  邀請ID 12002146  邀請ID 12002146  邀請ID 12002146     邀請ID 12002146  邀請ID 12002146         邀請ID 12002146  邀請ID 12002146    邀請ID 12002146  邀請ID 12002146  邀請ID 12002146  邀請ID 12002146    邀請ID 12002146  邀請ID 12002146
13826056
好
13811903
66666
13801800
。。。
很好用
不错可以
13365258      13365258      13365258     13365258      13365258      13365258      13365258
好
13788141     13788141     13788141
邀請ID 12082266  邀請ID 12082266   邀請ID 12082266      12082266     12082266  12082266        12082266      12082266      12082266  12082266     12082266  12082266    12082266    12082266  12082266     12082266  12082266    12082266  12082266
邀請ID 12082266  邀請ID 12082266  邀請ID 12082266      12082266     12082266  12082266        12082266      12082266      12082266  12082266     12082266  12082266    12082266    12082266  12082266     12082266  12082266    12082266  12082266
13773484    13773484         13773484       13773484       13773484        13773484       13773484      13773484         13773484    13773484
邀請碼12406049  邀請碼12406049       邀請碼12406049              邀請碼12406049  12406049    邀請碼12406049 邀請碼12406049 邀請碼12406049      邀請碼12406049  12406049     邀請碼12406049 邀請碼12406049 邀請碼12406049      邀請碼12406049  12406049    邀請碼12406049 邀請碼12406049 邀請碼12406049      邀請碼12406049  12406049
12406049       12406049      12406049                 12406049                  12406049             12406049             12406049
好好好好好
邀請ID 12002146  邀請ID 12002146       邀請ID 12002146        邀請ID 12002146             邀請ID 12002146         邀請ID 12002146       邀請ID 12002146      邀請ID 12002146       邀請ID 12002146        邀請ID 12002146         邀請ID 12002146              邀請ID 12002146  邀請ID 12002146        邀請ID 12002146  邀請ID 12002146  邀請ID 12002146            邀請ID 12002146      邀請ID 12002146  邀請ID 12002146      邀請ID 12002146  邀請ID 12002146  邀請ID 12002146           邀請ID 12002146  邀請ID 12002146  邀請ID 12002146           邀請ID 12002146  邀請ID 12002146          邀請ID 12002146
12406049  12406049   12406049               12406049                     12406049                             12406049  12406049                   12406049               12406049           12406049
12406049       12406049
13365258      13365258      13365258     13365258      13365258      13365258      13365258
12600292      12600292      12600292
很好用的呢！
13614453      13614453     13614453  13614453    13614453
12726626
好好用
不能用
13571763 13571763 13571763  13571763 13571763 13571763 13571763 13571763 13571763  13571763 13571763 13571763 13571763 13571763 13571763  13571763 13571763 13571763 13571763 13571763 13571763  13571763 13571763 13571763 13571763 13571763 13571763  13571763 13571763 13571763
876111976
好好好
12082266  12082266  12082266  12082266  12082266  12082266  12082266   12082266   12082266   12082266   12082266   12082266     12082266     12082266     12082266     12082266     12082266     12082266     12082266      12082266     12082266     12082266     12082266     12082266     12082266     12082266        12082266        12082266        12082266        12082266        12082266          12082266        12082266        12082266     12082266     12082266     12082266     12082266    12082266    12082266    12082266   12082266   12082266   12082266   12082266  12082266  12082266  12082266   12082266   12082266     12082266      12082266     12082266      12082266     12082266     12082266      12082266      12082266     12082266      12082266     12082266      12082266     12082266      12082266        12082266     12082266     12082266     12082266      12082266      12082266        12082266       12082266 vro
好好
。。。
13471904
不错
非常好用！
邀請ID    12082266  12082266  12082266  12082266       12082266       12082266       12082266       12082266            12082266      12082266      12082266       12082266    12082266           12082266        12082266    12082266    12082266   12082266           12082266      12082266    12082266          12082266     12082266    12082266     12082266    12082266      12082266    12082266      12082266     12082266     12082266      12082266      12082266      12082266       12082266         12082266        12082266          12082266             12082266           12082266           12082266          12082266          12082266            12082266           12082266           12082266          12082266               12082266           12082266             12082266       12082266            12082266            12082266           12082266        12082266        12082266
12371777
13080449  13080449  13080449
13080449  13080449
12097817   12097817
邀請ID 12002146 邀請ID 12002146 邀請ID 12002146      邀請ID 12002146      邀請ID 12002146        邀請ID 12002146  邀請ID 12002146        邀請ID 12002146        邀請ID 12002146  邀請ID 12002146        邀請ID 12002146        邀請ID 12002146  邀請ID 12002146          邀請ID 12002146  邀請ID 12002146          邀請ID 12002146        邀請ID 12002146        邀請ID 12002146        邀請ID 12002146      邀請ID 12002146      邀請ID 12002146      邀請ID 12002146    邀請ID 12002146    邀請ID 12002146    邀請ID 12002146      邀請ID 12002146  邀請ID 12002146  邀請ID 12002146  邀請ID 12002146  邀請ID 12002146  邀請ID 12002146  邀請ID 12002146  邀請ID 12002146  邀請ID 12002146  邀請ID 12002146  邀請ID 12002146  邀請ID 12002146  邀請ID 12002146  邀請ID 12002146  邀請ID 12002146  邀請ID 12002146  邀請ID 12002146  邀請ID 12002146  邀請ID 12002146  邀請ID 12002146  邀請ID 12002146
还不赖
11788439  11788439  11788439          11788439
好
13426455
很好，不错
真的很好用
13311471
还不错
好好用
好
12406049                 12406049
12723952
1166 3581         11663581
1166 3581
1166 3581        1166 3581
【12901808】【12901808】【12901808】
邀請ID  12082266 邀請ID  12082266 邀請ID  12082266    12082266    12082266    12082266      12082266  12082266  12082266  12082266      12082266      12082266  12082266  12082266  12082266  12082266      12082266  12082266    12082266    12082266      12082266  12082266    12082266  12082266      12082266      12082266    12082266      12082266    12082266      12082266  12082266  12082266  12082266    12082266
中国可以用罢了
好
好
ID13220089
非常好
好用好用！
邀請ID6416468     邀請ID6416468           邀請ID6416468           6416468            6416468          6416468                      641646  i
非常喜欢 就是后续任务有点少
邀請ID 13183807  邀請ID 13183807
很好的
13080449  13080449          13080449
12852279 12852279    12852279  12852279
13142773
13142773
13147849  13147849 13147849
邀請ID 12693884  邀請ID 12693884  邀請ID 12693884  邀請ID 12693884  邀請ID 12693884  邀請ID 12693884  邀請ID 12693884  邀請ID 12693884  邀請ID 12693884  邀請ID 12693884  邀請ID 12693884  邀請ID 12693884  邀請ID 12693884  邀請ID 12693884  邀請ID 12693884  邀請ID 12693884
好
好
好好好
13122733
非常可以。
这个软件很不错！
还可以
怎么突然打不开了
13068002
13106618
涛声依旧
13101638
13097288
邀請ID13019491    13019491    13019491   13019491   13019491   13019491     13019491     13019491     13019491   13019491    13019491    13019491
13090974
邀請ID 12714515  邀請ID 12714515  邀請ID 12714515  邀請ID 12714515  邀請ID 12714515  邀請ID 12714515  邀請ID 12714515  邀請ID 12714515  邀請ID 12714515  邀請ID 12714515  邀請ID 12714515  邀請ID 12714515  邀請ID 12714515  邀請ID 12714515  邀請ID 12714515  邀請ID 12714515  邀請ID 12714515  邀請ID 12714515邀請ID 12714515  邀請ID 12714515  邀請ID 12714515  邀請ID 12714515  邀請ID 12714515  邀請ID 12714515  邀請ID 12714515  邀請ID 12714515  邀請ID 12714515  邀請ID 12714515  邀請ID 12714515  邀請ID 12714515  邀請ID 12714515  邀請ID 12714515  邀請ID 12714515  邀請ID 12714515  邀請邀請ID 12714515  邀請ID 12714515  邀請ID 邀請ID 12714515邀請ID 12714515  邀請ID 12714515  邀請ID 12714515  邀請ID 12714515  邀請ID 12714515  邀請ID 12714515  邀請ID 12714515  邀請ID 12714515  邀請ID 12714515  邀請ID 12714515  邀請ID 12714515  邀請ID 12714515  邀請ID 12714515  邀請ID 12714515  邀請ID 12714515  邀請ID 12714515  邀請ID 12714515  邀請ID 12714515
ID13070398   ID13070398   ID13070398 ID13070398 ID13070398 ID13070398 ID13070398
13083215    13083215
邀請ID13079071
邀請ID 12592640  邀請ID 12592640  邀請ID 12592640  邀請ID 12592640
13070751 13070751 13070751 13070751 13070751 13070751 13070751 13070751 13070751 13070751 13070751 13070751 13070751 13070751 13070751 13070751 13070751 13070751 13070751 13070751
11788439
一般般
13009470       13009470       13009470         13009470     13009470          13009470       13009470         13009470    13009470       13009470       13009470         13009470     13009470          13009470       13009470         13009470   13009470       13009470       13009470         13009470     13009470          13009470       13009470         13009470    13009470       13009470       13009470         13009470     13009470          13009470       13009470         13009470    13009470       13009470       13009470         13009470     13009470          13009470       13009470         13009470    13009470       13009470       13009470         13009470     13009470          13009470       13009470         13009470    13009470       13009470       13009470         13009470     13009470          13009470       13009470         13009470
11607582
357206975
非常好用
很好
12994805         12994805        12994805
13021111
13017924      13017924
12609712
很不错的软件 12984975       12984975         12984975           12984975         12984975
12984134 12984134 12984134 12984134 12984134
12987958
12996338 12996338 12996338 12996338
12992865
666   hh
比较可以，一天能干一下，挺好的
真棒真棒
1182515213
好好好
8321028      8321028  8321028      8321028  8321028      8321028
12817910
12852279   12852279     12852279     12852279   12852279   12852279     12852279     12852279   12852279     12852279     12852279     12852279   12852279 12852279     12852279     12852279   12852279 12852279     12852279     12852279   12852279     12852279     12852279     12852279   12852279    12852279     12852279     12852279   12852279    12852279     12852279     12852279   12852279       12852279     12852279     12852279   12852279
12955506   12955506   12955506   12955506     12955506
10138128       10138128 10138128 10138128 10138128 10138128 10138128 10138128 10138128  10138128
添加得200        12946833
12813260   12813260     12813260
好好好
特别好用太好了非常好
12909676
12784826
可以
12756085   12756085   12756085   12756085   12756085   12756085  12756085    12756085
12852663  12852663 12852663                  12852663
十分好用
还不错
11524411    11524411     11524411
12879039
12870727都一样
不错真的很不错
12856637 12856637 12856637
12854210 12854210 12854210
6416468
12843193 12843193 12843193 12843193 12843193 12843193
12840539  12840539  12840539
12830108    12830108  12830108
12836922 12836922 12836922 12836922 12836922 12836922
12829945     12829945
12815763
11696552
12836951
12821636
12821674
12813364
12811001 12811001 12811001 12811001 12811001
12802015  12802015  12802015  12802015  12802015  12802015    12802015  12802015  12802015
11524411    11524411    11524411
12805528 12805528 12805528 12805528
12803652  12803652   12803652   12803652   12803652   12803652
12802725      12802725      12802725       12802725      12802725       12802725    十
12800884 12800884 12800884 12800884 12800884 12800884
12788605 12788605 12788605
1178849
12796126    12796126      12796126     12796126    12796126    12796126     12796126      12796126      12796126     12796126      12796126      12796126      12796126 12796126 12796126      12796126    12796126      12796126      12796126     12796126      12796126      12796126     12796126    12796126
好好好
12745160 12745160 12745160                  12745160 12745160  12745160  12745160  12745160    12745160       12745160         12745160
12782304 12782304 12782304
很好
12729912  12729912  12729912  12729912  12729912  12729912  12729912  12729912 12729912
好
12749454
12677062
12736437
12727497
11834861                        11834861       11834861                        11834861        11834861                         11834861       11834861                         11834861 11834861 11834861                               11834861
12723723 12723723 12723723
12718528 12718528 12718528 12718528 12718528 12718528 12718528 12718528 12718528 12718528 12718528 12718528 12718528 12718528 12718528 12718528 12718528 12718528 12718528 12718528 12718528 12718528 12718528 12718528 12718528 12718528 12718528 12718528 12718528 12718528 12718528 12718528 12718528 12718528 12718528 12718528 12718528 12718528 12718528 12718528 12718528 12718528 12718528 12718528 12718528 12718528 12718528 12718528 12718528 12718528 12718528 12718528 12718528 12718528 12718528 12718528 12718528 12718528 12718528 12718528 12718528 12718528 12718528 12718528 12718528 12718528 12718528 12718528
12718193 12718193 12718193 12718193 12718193 12718193 12718193 12718193 12718193 12718193 12718193 12718193 12718193 12718193 12718193 12718193 12718193 12718193 12718193 12718193 12718193 12718193 12718193 12718193
12717823   12717823  12717823    12717823
12709379  12709379  12709379  12709379  12709379  12709379  祝你开心～♡
12345935      12345935     12345935 12345935      12345935     12345935  12345935      12345935     12345935 12345935      12345935     12345935    12345935      12345935     12345935 12345935      12345935     12345935  12345935      12345935     12345935 12345935      12345935     12345935     12345935      12345935     12345935 12345935      12345935     12345935  12345935      12345935     12345935 12345935      12345935     12345935    12345935      12345935     12345935 12345935      12345935     12345935  12345935      12345935     12345935 12345935      12345935     12345935
12002146    12002146 12002146 12002146 12002146  12002146  12002146  12002146  12002146  12002146  12002146  12002146  12002146  12002146  12002146  12002146  12002146  12002146  12002146
12702509  12702509  12702509
12668852
12689295   12689295 12689295   12689295 12689295   12689295 12689295   12689295 12689295   12689295 12689295   12689295 12689295   12689295 12689295   12689295
12679351
12673543
好
12665216
10728758，10728758,10728758，10728758,10728758，10728758,
人啊！
12655268   12655268  12655268  12655268   12655268          12655268
11999119 11999119 11999119 11999119 11999119 11999119 11999119  11999119
12655395 12655395 12655395 12655395 12655395 12655395 12655395 12655395 12655395 12655395 12655395 12655395 12655395 12655395 12655395 12655395 12655395 12655395 12655395 12655395 12655395 12655395 12655395 12655395 12655395 12655395 12655395 12655395 12655395 12655395 12655395 12655395 12655395 12655395 12655395 12655395 12655395 12655395 12655395 12655395 12655395 12655395 12655395 12655395 12655395 12655395 12655395 12655395 12655395 12655395 12655395 12655395 12655395 12655395 12655395 12655395 12655395 12655395 12655395 12655395 12655395 12655395 12655395 12655395 12655395 12655395 12655395 12655395 12655395 12655395 12655395 12655395 12655395 12655395 12655395 12655395 12655395 12655395 12655395 12655395 12655395 12655395 12655395 12655395 12655395 12655395 12655395 12655395 12655395 12655395 12655395 12655395 12655395 12655395 12655395 12655395
很好用，11503144
12616208  12616208
12630083 12630083 12630083 12630083
11999119   11999119    11999119    11999119   11999119  11999119   11999119    11999119    11999119   11999119  11999119   11999119    11999119    11999119   11999119
11756706
12622333
12624813
12622706  12622706  12622706    12622706 12622706
12579023 12579023 12579023 12579023 12579023 12579023 12579023 12579023 12579023 12579023 12579023 12579023 12579023 12579023 12579023
12523377     12523377    12523377
12610765
好
12250193 12250193 12250193 12250193 12250193 12250193 12250193 12250193 12250193 12250193 12250193 12250193 12250193 12250193 12250193 12250193                     12250193
非常好
11524411       11524411       11524411
11524411    11524411    11524411
棒死了
125767439 135858
12586833
12569738      12569738       12569738      12569738
12418014                12418014                  12418014            12418014          12418014
好
12449019
12538993    12538993      12538993      12538993     12538993     12538993    12538993
12546539
12544294
12542851  12542851  12542851  12542851  12542851  12542851
12542014
12529347 12529347 12529347 12529347 12529347 12529347 12529347 12529347 12529347 12529347 12529347 12529347
12523596    12523596    12523596    12523596
12515818   12515818
12476448
12510249   12510249    12510249 12510249    12510249   12510249
12505243        12505243       12505243     12505243        12505243       12505243     12505243        12505243       12505243     12505243        12505243       12505243     12505243        12505243       12505243    12505243      12505243      12505243
12075516
12189265      12189265
好好好
12002146 12002146  12002146   12002146     12002146    12002146        12002146     12002146    12002146     12002146  12002146
挺好的
好
12450282 12450282 12450282 12450282 12450282 12450282 12450282 12450282 12450282 12450282 12450282 12450282 12450282 12450282 12450282 12450282 12450282 12450282 12450282 12450282 12450282 12450282 12450282 12450282 12450282 12450282 12450282 12450282 12450282 12450282 12450282 12450282 12450282
11788439
11641738
11570989
11524411    11524411      11524411   11524411
好棒
好。
好
12319210
一般般
。。。。。。。
12397111 12397111 12397111 12397111 12397111 12397111 12397111  12397111 12397111
12206557                                                                      12206557
12393142
12391522
12382441 12382441 12382441  12382441 12382441 12382441 12382441  12382441 12382441  12382441  12382441 12382441
12380775
12267320 12267320
12375558                 12375558
11976144
12352940     12352940
9826004
可以的
很实用
12354165
12304710    12304710    12304710                 12304710
11999119                      11999119                      11999119                      11999119                      11999119                      11999119                      11999119                      11999119                      11999119                      11999119
12206601
12301404    12301404 ，
11904462
好
12282745
还可以
12254015 12254015
非常棒
12153562
12238112 12238112 12238112 12238112
12226946
非常好用
12220693
11653581           11653581           11653581            11653581          11653581
12219821
666
还可以
12216887
12198623
很不错
12097817
好，感觉非常好
12181449
好
12178995 12178995
好
12115725，挺好用的
五分，12007330
好用！
12133224
挺好的
12073518
很好
12120127
很好
12116296   12116296
11570989
1210 5114             1210 5114  1210 5114             1210 5114  1210 5114             1210 5114  1210 5114             1210 5114
11857667
12089089
11933157
超好用
12032778   12032778    12032778   12032778   12032778   12032778    12032778         12032778       12032778
11952005 11952005 11952005
11989421
非常好
挺好的
好的
12003427
11570989
好
好
12001148
真的很好
好11957918
很好用11985765
11100651挺好的！
11971377
不错
不错
还可以不错
11806158
11948486
119399288
11937542
好好好
11934990
1188047 1188047 1188047 1188047 1188047        1188047 1188047        1188047 1188047 1188047 1188047 1188047 1188047 1188047
11637489
11890711
11888639
。
11907748
11889073
11866155
11856852
11854668 11854668 11854668
11852125    11852125  11552125
11833953 11833953 11833953 11833953 11833953 11833953 11833953 11833953 11833953 11833953 11833953 11833953 11833953 11833953 11833953 11833953 11833953 11833953 11833953 11833953 11833953 11833953 11833953 11833953 11833953 11833953 11833953 11833953 11833953 11833953 11833953 11833953 11833953 11833953 11833953 11833953 11833953 11833953 11833953 11833953
11840471
11662444
11829633     11829633      11829633 11829633      11829633      11829633
11827079
不错
好
好用
11800512 11800512 11800512 11800512 11800512 11800512 11800512 11800512
11792892❤
好好好9219881
很差劲
不错
11760888
11404081  11404081 11404081 11404081  11404081  11404081
好
id11724204    id11724204      id11724204
11696552
挺好的，不错
11720400  11720400
11696552
9118969       9118969       9118969      9118969       9118969     9118969
11621802
不好→_→
11643428    ---
可以
挺好的
不错
好好好
很好用
很好用
很好用
太好用
非常非常好用
一点都不好
很好用
好
太好用了
非常好用
挺不错的
很不错的应用。
不错
不错
挺不错的
挺好的
很好
很喜欢，不错
很好，不错。
真好用 喜欢
超级好用，不错
很好的软件。真的很不错
好用
很好的一软件
太棒了 很好用的说
很好用，我喜欢！
我喜欢，很好用
不错，挺好用的
界面很舒服啊，比其他软件好多啦
非常好用！建议大家都下载来玩！
很好用的软件
好用。。。。。
好好好好好好好的
太好用了很喜欢
太棒了，太好用了
超好用
非常好用。
好用
真的很好用！！！
非常好用
非常好用   非常棒的软件
很好用
很好
很好用，很棒的软件
好！很棒的软件
真的很好用
很不错
非常不错 好用
非常好！
❤继续支持
非常好，用着不错
非常好啊偶
非常好！！！！！！！！
特别好用，特别喜欢
超好的好玩
超好用，大爱♥
好用！！！！
很好用
好用，强烈推荐
还不错
非常给力！强烈推介！
真的！很好用
不错，很好用
很好用
不错，好用，
非常不错
不错很好用
不错  很好用
不好
很好用
挺好用的。
太棒了，给力
很好
很好用，很喜欢
非常好用 很喜欢
挺好用的
好用
挺好用的
非常好
好，希望更新更多精彩，。
好用
很好用！
