467
3113848
5141226
小子眼光不错！976256
6628839                 ..       6628839
4907840
6973341 6973341 6973341 6973341 6973341 6973341
6640807   6640807     6640807     6640807     6640807 6640807   6640807     6640807     6640807     6640807 6640807   6640807     6640807     6640807     6640807 6640807   6640807     6640807     6640807     6640807 6640807   6640807     6640807     6640807     6640807 6640807   6640807     6640807     6640807     6640807 6640807   6640807     6640807     6640807     6640807 6640807   6640807     6640807     6640807     6640807 6640807   6640807     6640807     6640807     6640807 6640807   6640807     6640807     6640807     6640807 6640807   6640807     6640807     6640807     6640807 6640807   6640807     6640807     6640807     6640807 6640807   6640807     6640807     6640807     6640807 6640807   6640807     6640807     6640807     6640807 6640807   6640807     6640807     6640807     6640807 6640807   6640807     6640807     6640807     6640807 6640807   6640807     6640807     6640807     6640807 6640807   6640807     6640807     6640807     6640807
2430353    2430353     2430353       2430353    2430353  2430353
6038 177     6038 177
984029     984029       984029
6684968      6684, 968      6684--968
9484393  9484393  9484393  9484393  9484393  9484393   9484393   9484393
9710252 9710252 9710252 9710252 9710252 9710252 9710252 9710252 9710252 9710252
404471 404471
6640807   6640807
9412145    9412145   9412145
1036775 1036775
9980277 9980277           9980277 9980277    9980277 9980277          9980277 9980277 9980277               9980277 9980277              9980277 9980277      9980277             9980277   9980277    9980277      9980277            9980277     9980277     9980277           9980277       9980277      9980277     9980277      9980277      9980277      9980277              9980277
2650919 2650919 2650919 2650919   2650919 2650919 2650919 2650919   2650919 2650919 2650919   2650919 2650919 2650919 2650919 2650919 2650919 2650919 2650919 2650919 2650919 2650919 2650919 2650919 2650919 2650919 2650919 2650919 2650919 2650919
8690070     8690070      8690070
2890085 2890085 2890085  2890085 2890085 2890085 2890085 2890085 2890085 2890085 2890085 2890085 2890085  2890085 2890085 2890085 2890085 2890085 2890085 28900852890085 2890085 2890085  2890085 2890085 2890085 2890085 2890085 2890085 28900852890085 2890085 2890085  2890085 2890085 2890085 2890085 2890085 2890085 28900852890085 2890085 2890085  2890085 2890085 2890085 2890085 2890085 2890085 2890085 2890085 2890085 2890085  2890085 2890085 2890085 2890085 2890085 2890085 2890085 2890085 2890085 2890085  2890085 2890085 2890085 2890085 2890085 2890085 2890085
6640807  6640807   6640807   6640807   6640807   6640807    6640807   6640807      6640807  6640807   6640807   6640807   6640807   6640807    6640807   6640807    6640807        6640807  6640807   6640807   6640807   6640807   6640807    6640807   6640807    6640807          6640807  6640807   6640807   6640807   6640807   6640807    6640807   6640807    6640807          6640807  6640807   6640807   6640807   6640807   6640807    6640807   6640807    6640807          6640807  6640807   6640807   6640807   6640807   6640807    6640807   6640807    6640807                 6640807
8724148   8724148   8724148   8724148   8724148  8724148  8724148  8724148       8724148  8724148    8724148  8724148  8724148  8724148  8724148  8724148  8724148  8724148  8724148  8724148  8724148  8724148  8724148  8724148  8724148  8724148  8724148  8724148  8724148  8724148  8724148  8724148  8724148  8724148  8724148  8724148  8724148  8724148  8724148  8724148  8724148  8724148  8724148  8724148  8724148  8724148  8724148  8724148  8724148  8724148   8724148  8724148  8724148  8724148  8724148  8724148  8724148  8724148  8724148  8724148  8724148  8724148  8724148  8724148  8724148  8724148  8724148  8724148  8724148  8742148  8724148  8724148  8724148  8724148  8724148  8724148  8724148  8724148  8724148  8724148  8724148  8724148  8724148  8724148  8724148  8724148  8724148
9072182   9072182  9072182  9072182  9072182  9072182  9072182  9072182  9072182  9072182  9072182  9072182
688861
7603164
6640807   6640807   6640807   6640807   6640807    6640807    6640807    6640807    6640807    6640807    6640807     6640807    6640807    6640807
8699261     8699261     8699261
不太好用
4976937   4976937  4976937
6640807  6640807  6640807  6640807  6640807  6640807  6640807  6640807  6640807  6640807  6640807     6640807
962 780        962780        962 780        962 780
6640807  6640807  6640807  6640807  6640807  6640807  6640807  6640807  6640807  6640807
945248   945248   945248   945248   945248   945248
2797654     2797654      2797654      2797654      2797654     2797654   2797654   2797654   2797654   2797654   2797654   2797654   2797654   2797654   2797654 2797654     2797654      2797654      2797654      2797654     2797654   2797654   2797654   2797654   2797654   2797654   2797654   2797654   2797654   2797654 2797654     2797654      2797654      2797654      2797654     2797654   2797654   2797654   2797654   2797654   2797654   2797654   2797654   2797654   2797654 2797654     2797654      2797654      2797654      2797654     2797654   2797654   2797654   2797654   2797654   2797654   2797654   2797654   2797654   2797654 2797654     2797654      2797654      2797654      2797654     2797654   2797654   2797654   2797654   2797654   2797654   2797654   2797654   2797654   2797654 2797654     2797654      2797654      2797654      2797654     2797654   2797654   2797654   2797654   2797654   2797654   2797654   2797654   2797654   2797654 2797654     2797654      2797654
7576381
6686735      6686735
659178
不好
962780       962 780       962 780       962 780
982430
