37475301          37475301
33320425
37475301            37475301
37475301         37475301                                 37475301
37475301       37475301
邀請碼51255857    51255857                              .
33320425
36656621          36656621
37475301             37475301
37475301      37475301
59128450
33320425
37475301           37475301
好好好
56742960    56742960
39796360，39796360，39796360，39796360，39796360，39796360
33320425
33320425
36656621        3665 6621
。
挺好的
51413212
51322539
好
50851000
49141812
49883958
33320425
48999758
好
48709918
很不错
46662888
3687743184
4272 3527
39324715
44594685
44075646
41647195
43433385
43048412
41120733
43393344 43393344
42407519          42407519          42407519
41720992
很好的软件，建议任务增加点
好
无插件，不方便；去头条，变小巧；周天气，更适宜！
像中华万年历
第一版相对不错。
界面挺简洁的，也实用吧，觉得内容再丰富一点就好了 界面挺简洁的，也实用吧，觉得内容再丰富一点就好了
