42021654          42021654    42021654
42021654         42021654
42021654              42021654
42021654    42021654   42021654    42021654     42021654 42021654    42021654     42021654 42021654    42021654     42021654 42021654    42021654     42021654 42021654    42021654     42021654 42021654    42021654     42021654 42021654    42021654     42021654 42021654    42021654     42021654 42021654    42021654     42021654 42021654    42021654     42021654 42021654    42021654     42021654 42021654    42021654     42021654 42021654    42021654     42021654  42021654
42021654       42021654
62761625          62761625 62761625 62761625
不错
57733151
还好，就是发红包少了点58284849
57893620   57893620   57893620   57893620
57556640
56708710 56708710
52848482              52848482
55536363
49725585
53861620
53432041
不错
51290178    51290178     51290178     51290178     51290178      51290178
不错，简单实际50445125
很有用5577588
44317171
44792106
43711374
42172075      42172075       42172075   42172075        42172075        42172075
666
