21861265                 21861265                  21861265
非常好
43018728              43018728             43018728                      43018728
42990265
40836011
42674990
39801452             3980 1452
42342638
41807752
41765072
34531533
40953675        40953675                      40953675    40953675    40953675 40953675        40953675                      40953675    40953675    40953675
41186685
41069047
21861265
41032976 41032976 41032976 41032976
41016287
38486161    38486161    38486161   38486161    38486161    38486161    38486161   38486161     38486161    38486161    38486161   38486161
40508877
38486161   38486161    38486161    38486161   38486161   38486161    38486161    38486161    38486161   38486161    38486161    38486161    38486161   38486161    38486161    38486161
21861265                 21861265
38486161    38486161    38486161    38486161     38486161     38486161     38486161
为什么打不开
21861265             21861265
40351547
38486161
40273938
40268863
好
好
挺好的
五
很好
好
非常好
好
♡好
@sssssssss
超好
好
挺好的
完美
不错的软件。。。。。。。。。。。。。。。。。
很好
很好
40103545
好
21861265
很好
好
4007   1531
给给给
好用！！！！！
好
好!
38486161
38638759
好用
好用，呵呵呵。
挺不错
666
好用
什么呀  回答问题都不让说实话
好用，真的！
超好喜欢
超好喜欢
这个软件很好用
好
很好用
好用
好
很不错
好
太好用了
好 用
好
可以
366553888
好
不错非常的好用。。
在不
挺好，好好好
非常好
好
好的  好
不错
39729870
good
整的更好吧
好用的
不错
不错
好
33407158    33407158  33407158   33407158    33407158  33407158
39229405
摸米
好用
39220252
39134754
39008495   39008495
38906873   3890687338906873   38906873
1349609218
557712
34379379     34379379     34379379    34379379     34379379     34379379     34379379    34379379      34379379     34379379     34379379    34379379     34379379     34379379     34379379    34379379     34379379     34379379     34379379    34379379      34379379     34379379     34379379    34379379
38486161
2221 7074   2221 7074   2221 7074
38251156
37702305
34379379   34379379    34379379    34379379    34379379   34379379   34379379    34379379    34379379    34379379     34379379   34379379    34379379    34379379    34379379    34379379   34379379    34379379    34379379    34379379
37136358     37136358      37136358    37136358       37136358         37136358       37136358
36657184
36315169    36315169   36315169   36315169   36315169   36315169   36315169   36315169
34379379   34379379    34379379   34379379   34379379   34379379   34379379    34379379   34379379   34379379    34379379   34379379    34379379   34379379   34379379    34379379   34379379    34379379   34379379   34379379    34379379   34379379    34379379   34379379   34379379   34379379   34379379    34379379   34379379   34379379
真的?
35840093  35840093 35840093 35840093 35840093 35840093
35610698     35610698 35610698        35610698          35610698         35610698
34379379   34379379    34379379     34379379      34379379     34379379    34379379     34379379      34379379       34379379    34379379     34379379      34379379      34379379    34379379     34379379      34379379   34379379     34379379      34379379
34379379  34379379   34379379    34379379       34379379    34379379    34379379    34379379    34379379   34379379    34379379       34379379    34379379    34379379    34379379  34379379    34379379       34379379    34379379    34379379    34379379
34379379  34379379   34379379   34379379   34379379   34379379   34379379   34379379   34379379   34379379   34379379   34379379   34379379   34379379  34379379   34379379   34379379   34379379   34379379   34379379   34379379   34379379   34379379   34379379   34379379   34379379   34379379   34379379   34379379   34379379   34379379   34379379  34379379   34379379   34379379   34379379   34379379  34379379   34379379   34379379   34379379   34379379   34379379   34379379   34379379   34379379   34379379   34379379   34379379  34379379   34379379   34379379   34379379   34379379
34379379  34379379  34379379  34379379   34379379   34379379    34379379   34379379   34379379  34379379   34379379   34379379    34379379   34379379    34379379  34379379   34379379   34379379    34379379   34379379    34379379  34379379   34379379   34379379    34379379   34379379    34379379  34379379   34379379   34379379    34379379   34379379   34379379  34379379   34379379   34379379    34379379   34379379    34379379  34379379   34379379   34379379    34379379   34379379    34379379  34379379   34379379   34379379    34379379   34379379    34379379  34379379   34379379   34379379    34379379   34379379  34379379   34379379   34379379    34379379   34379379
34379379    34379379   34379379   34379379   34379379   34379379   34379379   34379379   34379379   34379379   34379379   34379379   34379379   34379379   34379379   34379379   34379379   34379379   34379379   34379379   34379379   34379379   34379379   34379379   34379379   34379379   34379379  34379379   34379379   34379379   34379379   34379379   34379379   34379379   34379379   34379379   34379379   34379379   34379379   34379379   34379379   34379379   34379379   34379379   34379379   34379379   34379379   34379379   34379379   34379379   34379379   34379379   34379379   34379379   34379379   34379379   34379379  34379379   34379379   34379379   34379379  34379379   34379379   34379379   34379379   34379379   34379379   34379379   34379379   34379379   34379379   34379379   34379379   34379379   34379379   34379379   34379379   34379379   34379379   34379379   34379379   34379379   34379379   34379379   34379379   34379379  34379379   34379379   34379379   34379379
34379379  34379379    34379379    34379379  34379379    34379379    34379379    34379379  34379379    34379379    34379379    34379379  34379379      34379379    34379379    34379379  34379379   34379379    34379379  34379379   34379379  34379379    34379379    34379379  34379379    34379379    34379379    34379379  34379379    34379379    34379379    34379379  34379379      34379379    34379379    34379379  34379379   34379379    34379379  34379379   34379379  34379379    34379379    34379379  34379379    34379379    34379379    34379379  34379379    34379379    34379379    34379379  34379379      34379379    34379379    34379379  34379379   34379379    34379379  34379379
34505968 34505968 34505968 34505968 34505968 34505968 34505968 34505968 34505968 34505968 34505968 34505968 34505968 34505968  34505968
34379379   34379379   34379379   34379379     34379379   34379379   34379379   34379379   34379379   34379379     34379379   34379379    34379379   34379379   34379379   34379379     34379379   34379379
34379379   34379379   34379379   34379379   34379379   34379379    34379379   34379379   34379379   34379379   34379379   34379379   34379379   34379379   34379379   34379379   34379379   34379379   34379379   34379379   34379379    34379379   34379379   34379379   34379379   34379379  34379379   34379379   34379379   34379379
34379379  34379379   34379379   34379379   34379379    34379379   34379379   34379379   34379379    34379379   34379379   34379379   34379379    34379379   34379379   34379379   34379379   34379379   34379379   34379379
34462929   34462929   34462929   34462929     34462929     34462929     34462929    34462929    34462929     34462929   34462929    34462929      34462929     34462929
34064562   34064562   34064562 34064562   34064562   34064562
34139160       34139160        34139160
21861265
我就呵呵，完成任务从来不加积分
21861265         2186 1265
33299000            33299000        33299000
33107398
33081676      33081676     33081676
30701982                    3070 1982           30701982     30701982          30701982          30701982          30701982
30701982                    3070 1982           30701982     30701982          30701982          30701982         30701982
32314638
ID32201539          ID32201539      ID32201539      ID32201539        ID32201539       ID32201539
32149965     32149965   32149965   32149965   32149965   32149965   32149965   32149965   32149965
21861265     21861265     21861265
31419254 31419254 31419254 31419254
31312429   31312429    31312429 31312429 31312429   31312429 31312429 31312429 31312429 31312429 31312429 31312429 31312429 31312429
31356341     31356341    31356341
31300819
2546877
30817577  30817577    30817577
我ID30962189
30772522
21861265
id30182928
ID30154788
还是极锁屏的壁纸好看
30006472
29742510
21861265  2186 1265                21861265         21861265
29643901
21861265     21861265              21861265
29400213     29400213     29400213     29400213     29400213
I D:21861265      2186 1265              21861265
28629155   28629155  28629155  28629155  28629155  28629155   28629155  28629155  28629155  28629155    28629155   28629155  28629155   28629155  28629155  28629155  28629155  28629155   28629155  28629155  28629155  28629155    28629155   28629155 28629155   28629155  28629155  28629155  28629155  28629155   28629155  28629155  28629155  28629155    28629155   28629155
好好好
ID28729687 ID28729687 ID28729687
29063673
。。。。
混乱拦截个图
22127452
好
ID28179036
1439267bc
讨厌至极
ID1746008956
ID26112272
ID27723852
任务太少了
3&yht;
21861265              21861265
24580793
26736606
26485473
坑坑坑坑
挺好用
26308584
26100464
25912917
25573544
ld：25512137
ID25511415
25489399
ID25467437
这怎么不能跟新呢
怎么回事啊，让更新还更新不了
24947862
他要跟新而且还不能跟新
21861265
ID:24443480,感激
艾238 03 201迪
23927829
ID23889744
不怎么样
23636555
21861265
