101236388    101236388    101236388     101236388     101236388     101236388    101236388     101236388     101236388   101236388     101236388     101236388
101236388   101236388    101236388    101236388    101236388   101236388   101236388    101236388    101236388    101236388    101236388   101236388    101236388    101236388    101236388    101236388   101236388    101236388    101236388    101236388
100379335       100379335                                                                  .
101328503            101328503    101328503
101236388   101236388    101236388   101236388   101236388    101236388    101236388    101236388   101236388    101236388    101236388      101236388   101236388    101236388    101236388    101236388
101236388    101236388     101236388        101236388    101236388     101236388          101236388    101236388     101236388
101853726 101853726 101853726 101853726 101853726 101853726
101236388   101236388    101236388   101236388    101236388   101236388   101236388    101236388   101236388    101236388   101236388   101236388    101236388   101236388    101236388     101236388   101236388    101236388   101236388    101236388    101236388   101236388    101236388   101236388    101236388    101236388   101236388    101236388   101236388    101236388      101236388   101236388    101236388   101236388    101236388     101236388   101236388    101236388   101236388    101236388
101328503          101328503        101328503         101328503       10132 8503
101 126 550          101126550
101126550              101126550
101236388    101236388     101236388      101236388       101236388       101236388      101236388     101236388      101236388       101236388       101236388     101236388      101236388       101236388       101236388
101236388      101236388       101236388
101236388    101236388      101236388       101236388       101236388     101236388       101236388      101236388      101236388       101236388       101236388     101236388       101236388     101236388       101236388       101236388     101236388       101236388
101236388   101236388     101236388       101236388      101236388       101236388     101236388       101236388      101236388    101236388       101236388      101236388
101236388   101236388     101236388     101236388      101236388     101236388     101236388      101236388     101236388     101236388       101236388     101236388     101236388    101236388     101236388
101236388   101236388     101236388       101236388     101236388     101236388        101236388      101236388    101236388     101236388       101236388     101236388     101236388        101236388      101236388     101236388     101236388       101236388     101236388     101236388        101236388      101236388    101236388       101236388     101236388     101236388        101236388      101236388
101236388   101236388    101236388    101236388    101236388    101236388    101236388    101236388    101236388    101236388    101236388    101236388    101236388    101236388    101236388    101236388    101236388    101236388    101236388    101236388    101236388    101236388    101236388    101236388    101236388    101236388   101236388    101236388    101236388    101236388
101236388     101236388   101236388    101236388    101236388    101236388    101236388   101236388    101236388    101236388    101236388     101236388   101236388    101236388    101236388    101236388     101236388   101236388    101236388    101236388    101236388  101236388    101236388    101236388    101236388
101236388     101236388     101236388      101236388     101236388     101236388    101236388     101236388    101236388    101236388     101236388     101236388      101236388     101236388     101236388    101236388     101236388    101236388    101236388      101236388     101236388      101236388     101236388     101236388    101236388     101236388    101236388    101236388      101236388     101236388      101236388     101236388     101236388    101236388     101236388    101236388    101236388     101236388      101236388     101236388     101236388    101236388     101236388    101236388    101236388
101236388    101236388    101236388     101236388     101236388    101236388     101236388     101236388    101236388    101236388     101236388     101236388    101236388     101236388     101236388   101236388     101236388     101236388    101236388     101236388     101236388
101236388    101236388     101236388     101236388     101236388      101236388       101236388
101236388    101236388     101236388      101236388      101236388
101236388   101236388     101236388     101236388    101236388     101236388     101236388     101236388     101236388
101236388   101236388     101236388    101236388    101236388    101236388     101236388    101236388    101236388    101236388     101236388    101236388    101236388      101236388     101236388    101236388    101236388    101236388     101236388    101236388    101236388    101236388    101236388    101236388
101236388    101236388   101236388    101236388    101236388    101236388    101236388    101236388   101236388    101236388    101236388    101236388    101236388    101236388   101236388    101236388    101236388    101236388    101236388  101236388    101236388    101236388    101236388    101236388
101236388    101236388    101236388    101236388    101236388    101236388    101236388     101236388    101236388    101236388    101236388    101236388    101236388     101236388    101236388    101236388    101236388    101236388    101236388     101236388    101236388    101236388    101236388    101236388           101236388    101236388    101236388    101236388    101236388    101236388 101236388   101236388    101236388    101236388    101236388    101236388
101236388    101236388    101236388    101236388   101236388   101236388    101236388    101236388    101236388    101236388   101236388      101236388    101236388    101236388    101236388   101236388      101236388    101236388    101236388    101236388   101236388     101236388    101236388    101236388    101236388   101236388       101236388    101236388    101236388   101236388
100837664 100837664 100837664
100743578  100743578   100743578
更多奖励那老是什么也没有，提示已成为勤劳小蜜蜂
100379335       100379335    .
100379335        100379335                                                                   .
100284154
100006393
