不错，这个可以有。
玩了一段时间了，挺不错。
升级了新版本，比之前更好了。
里面很多广告形式很新颖耶，转发出去后看了效果，发现原来广告还可以这么做的，赞一个！
不错，就是有时任务更新有点慢，总体还是不错的。希望越来越好！
升级了新版本，比之前更好了。
里面很多广告形式很新颖耶，转发出去后看了效果，发现原来广告还可以这么做的，赞一个！
超好用建议下载
不错，就是有时任务更新有点慢，总体还是不错的。希望越来越好！
里面很多广告形式很新颖耶，转发出去后看了效果，发现原来广告还可以这么做的，赞一个！
超好用建议下载
不错，就是有时任务更新有点慢，总体还是不错的。希望越来越好！
2860134    2860134     2860134     2860134      2860134
2860134   2860134   2860134   2860134   2860134   2860134   2860134   2860134   2860134   2860134   2860134   2860134   2860134   2860134   2860134   2860134  2860134   2860134   2860134   2860134   2860134  2860134   2860134   2860134   2860134   2860134   2860134   2860134   2860134   2860134   2860134   2860134   2860134   2860134   2860134   2860134   2860134  2860134   2860134   2860134   2860134  2860134   2860134   2860134   2860134   2860134   2860134   2860134   2860134   2860134   2860134   2860134   2860134   2860134   2860134   2860134  2860134   2860134   2860134   2860134
2860134   2860134   2860134   2860134   2860134     2860134   2860134   2860134   2860134   2860134     2860134   2860134   2860134   2860134   2860134     2860134   2860134   2860134   2860134   2860134     2860134   2860134   2860134   2860134   2860134     2860134   2860134   2860134   2860134   2860134     2860134   2860134   2860134   2860134   2860134     2860134   2860134   2860134   2860134   2860134     2860134   2860134   2860134   2860134   2860134
5129441
2125466  2125466  2125466  2125466
6122881
5121113        5121113        5121113        5121113        5121113        5121113        5121113        5121113        5121113        5121113        5121113        5121113        5121113        5121113        5121113        5121113        5121113        5121113        5121113        5121113        5121113        5121113        5121113        5121113
4939345                   4939345 4939345                   4939345 4939345                   4939345
4111484 4111484
6106197 6106197 6106197 6106197 6106197 6106197 6106197 6106197 6106197 6106197 6106197 6106197 6106197 6106197 6106197 6106197 6106197 6106197 6106197 6106197 6106197 6106197 6106197 6106197 6106197 6106197 6106197 6106197 6106197 6106197 6106197 6106197 6106197 6106197 6106197 6106197 6106197 6106197 6106197 6106197 6106197 6106197 6106197 6106197 6106197 6106197 6106197 6106197 6106197 6106197 6106197 6106197 6106197 6106197 6106197 6106197 6106197 6106197 6106197 6106197 6106197 6106197 6106197 6106197 6106197 6106197 6106197 6106197 6106197 6106197 6106197 6106197 6106197 6106197 6106197 6106197 6106197 6106197 6106197 6106197 6106197 6106197 6106197 6106197 6106197 6106197 6106197 6106197 6106197 6106197 6106197 6106197 6106197 6106197 6106197 6106197 6106197 6106197 6106197 6106197 6106197 6106197 6106197 6106197 6106197 6106197 6106197 6106197 6106197 6106197 6106197 6106197 6106197 6106197 6106197 6106197 6106197 6106197 6106197 6106197 6106197 6106197  6106197
1104284 1104284
用不了
2860134    2860134     2860134     2860134     2860134      2860134      2860134      2860134        2860134       2860134        2860134 2860134    2860134     2860134     2860134     2860134      2860134      2860134      2860134        2860134       2860134        2860134 2860134    2860134     2860134     2860134     2860134      2860134      2860134      2860134        2860134       2860134        2860134 2860134    2860134     2860134     2860134     2860134      2860134      2860134      2860134        2860134       2860134        2860134 2860134    2860134     2860134     2860134     2860134      2860134      2860134      2860134        2860134       2860134        2860134 2860134    2860134     2860134     2860134     2860134      2860134      2860134      2860134        2860134       2860134        2860134
2724096
1322218       1322218       1322218
9087341 9087341 9087341  9087341  9087341    9087341  9087341   9087341 9087341  9087341  9087341    9087341  9087341 9087341  9087341  9087341   9087341   9087341    9087341  9087341    9087341  9087341   9087341 9087341   9087341   9087341  9087341   9087341  9087341   9087341  9087341  9087341   9087341   9087341  9087341   9087341  9087341 9087341  9087341  9087341  9087341  9087341    9087341  9087341  9087341
4061353     4064353
1411 805     1411 805     1411 805      1411 805
任务太少了
3007327
3033721
