1049635           1049635
1170755            1170755          1170755           1170755          1170755        1170755           1170755       1170755
1133659   1133659   1133659   1133659   1133659   1133659   1133659    1133659   1133659   1133659    1133659   1133659   1133659  1133659   1133659
1133659   1133659    1133659   1133659   1133659   1133659    1133659   1133659    1133659   1133659    1133659   1133659
1140916    1140916    1140916    1140916    1140916    1140916    1140916    1140916    1140916    1140916    1140916    1140916
1133659   1133659   1133659    1133659   1133659   1133659    1133659   1133659   1133659    1133659   1133659   1133659
真心很实用，没有花哨的界面
简洁实用我喜欢
这种的软件找了好几个，还是这个好！！！
还可以，比较喜欢用
好产品，支持一下
五颗星、五颗星，大赞
很好用，很实用，功能很强大，很棒的软件！
整体还算挺好的，用起来真不错
功能很齐全，并且非常安全
嘻嘻，我第一次用
还不错，挺有意思的产品
