这样的APP软件就应遭到封杀，微信就封杀过，有阵子无法运营的。
刚提现就违规，怎么违规了，也不显示
2446901,2446901,2446901,
2550569   2550569   2550569    2550569    2550569   2550569    2550569    2550569   2550569    2550569    2550569   2550569    2550569  2550569    2550569
2550569   2550569    2550569   2550569   2550569   2550569    2550569   2550569     2550569   2550569    2550569   2550569
2093110  2093110  2093110  2093110  2093110  2093110  2093110  2093110  2093110  2093110  2093110  2093110  2093110  2093110  2093110  2093110  2093110  2093110  2093110  2093110  2093110  2093110  2093110  2093110  2093110  2093110  2093110  2093110  2093110
2550569    2550569   2550569    2550569    2550569   2550569    2550569    2550569   2550569   2550569    2550569   2550569    2550569    2550569   2550569    2550569    2550569   2550569
2550569   2550569    2550569    2550569    2550569   2550569    2550569    2550569       2550569   2550569    2550569    2550569        2550569   2550569    2550569    2550569          2550569   2550569    2550569    2550569     2550569   2550569    2550569    2550569      2550569   2550569    2550569    2550569
2544622 2544622 2544622 2544622
2093110  2093110  2093110  2093110  2093110  2093110  2093110  2093110  2093110  2093110
2035937    2035937
2366968
2357633
2035937   2035937
2035937       2035937
2112875
